           0   17.887823145297642        8521.3349692392130     
           1   11.789735335960772        2167.2861316351282     
           2   7.3564190023425837        1223.5979168448468     
           3   4.9575256065951283        1065.8428600998170     
           4   3.8932232184495081        1000.5102549393756     
           5   3.0806933038138746        636.41227710835074     
           6   2.5500566326469087        721.77291811424016     
           7   2.0386096814665842        357.34293484918919     
           8   1.7835288362517960        629.39904035787140     
           9   1.3732891315046365        149.09268164135358     
          10   1.2066960441667154        570.21825722581332     
          11  0.86934026139836396        58.003145184706497     
          12  0.50960402061338828        34.146762639271486     
          13  0.43648228442931708        222.14687910996582     
          14  0.31115161126468283        16.237618647278168     
