         1 1974  4  9  8  8   8.800    5.0000      0.0000 -15.00  3.00   25       101
      1      1  STA001         0.0000      0.0000      0.0000  P    5.00  99.000
      1      2  STA002        10.0000      0.0000      0.0000  P    5.00  99.000
      1      3  STA003        20.0000      0.0000      0.0000  P   15.00  99.000
      1      4  STA004        30.0000      0.0000      0.0000  P   25.00  99.000
      1      5  STA005        40.0000      0.0000      0.0000  P   35.00  99.000
      1      6  STA006        50.0000      0.0000      0.0000  P   45.00  99.000
      1      7  STA007        60.0000      0.0000      0.0000  P   55.00  99.000
      1      8  STA008        70.0000      0.0000      0.0000  P   65.00  99.000
      1      9  STA009        80.0000      0.0000      0.0000  P   75.00  99.000
      1     10  STA010        90.0000      0.0000      0.0000  P   85.00  99.000
      1     11  STA011       100.0000      0.0000      0.0000  P   95.00  99.000
      1     12  STA012       110.0000      0.0000      0.0000  P  105.00  99.000
      1     13  STA013       120.0000      0.0000      0.0000  P  115.00  99.000
      1     14  STA014       130.0000      0.0000      0.0000  P  125.00  99.000
      1     15  STA015       140.0000      0.0000      0.0000  P  135.00  99.000
      1     16  STA016       150.0000      0.0000      0.0000  P  145.00  99.000
      1     17  STA017       160.0000      0.0000      0.0000  P  155.00  99.000
      1     18  STA018       170.0000      0.0000      0.0000  P  165.00  99.000
      1     19  STA019       180.0000      0.0000      0.0000  P  175.00  99.000
      1     20  STA020       190.0000      0.0000      0.0000  P  185.00  99.000
      1     21  STA021       200.0000      0.0000      0.0000  P  195.00  99.000
      1     22  STA022       210.0000      0.0000      0.0000  P  205.00  99.000
      1     23  STA023       220.0000      0.0000      0.0000  P  215.00  99.000
      1     24  STA024       230.0000      0.0000      0.0000  P  225.00  99.000
      1     25  STA025       240.0000      0.0000      0.0000  P  235.00  99.000
         2 1975  4  9  8  8   8.800   10.0000      0.0000 -15.00  3.00   25       102
      2      1  STA001         0.0000      0.0000      0.0000  P   10.00  99.000
      2      2  STA002        10.0000      0.0000      0.0000  P    0.00  99.000
      2      3  STA003        20.0000      0.0000      0.0000  P   10.00  99.000
      2      4  STA004        30.0000      0.0000      0.0000  P   20.00  99.000
      2      5  STA005        40.0000      0.0000      0.0000  P   30.00  99.000
      2      6  STA006        50.0000      0.0000      0.0000  P   40.00  99.000
      2      7  STA007        60.0000      0.0000      0.0000  P   50.00  99.000
      2      8  STA008        70.0000      0.0000      0.0000  P   60.00  99.000
      2      9  STA009        80.0000      0.0000      0.0000  P   70.00  99.000
      2     10  STA010        90.0000      0.0000      0.0000  P   80.00  99.000
      2     11  STA011       100.0000      0.0000      0.0000  P   90.00  99.000
      2     12  STA012       110.0000      0.0000      0.0000  P  100.00  99.000
      2     13  STA013       120.0000      0.0000      0.0000  P  110.00  99.000
      2     14  STA014       130.0000      0.0000      0.0000  P  120.00  99.000
      2     15  STA015       140.0000      0.0000      0.0000  P  130.00  99.000
      2     16  STA016       150.0000      0.0000      0.0000  P  140.00  99.000
      2     17  STA017       160.0000      0.0000      0.0000  P  150.00  99.000
      2     18  STA018       170.0000      0.0000      0.0000  P  160.00  99.000
      2     19  STA019       180.0000      0.0000      0.0000  P  170.00  99.000
      2     20  STA020       190.0000      0.0000      0.0000  P  180.00  99.000
      2     21  STA021       200.0000      0.0000      0.0000  P  190.00  99.000
      2     22  STA022       210.0000      0.0000      0.0000  P  200.00  99.000
      2     23  STA023       220.0000      0.0000      0.0000  P  210.00  99.000
      2     24  STA024       230.0000      0.0000      0.0000  P  220.00  99.000
      2     25  STA025       240.0000      0.0000      0.0000  P  230.00  99.000
         3 1976  4  9  8  8   8.800   15.0000      0.0000 -15.00  3.00   25       103
      3      1  STA001         0.0000      0.0000      0.0000  P   15.00  99.000
      3      2  STA002        10.0000      0.0000      0.0000  P    5.00  99.000
      3      3  STA003        20.0000      0.0000      0.0000  P    5.00  99.000
      3      4  STA004        30.0000      0.0000      0.0000  P   15.00  99.000
      3      5  STA005        40.0000      0.0000      0.0000  P   25.00  99.000
      3      6  STA006        50.0000      0.0000      0.0000  P   35.00  99.000
      3      7  STA007        60.0000      0.0000      0.0000  P   45.00  99.000
      3      8  STA008        70.0000      0.0000      0.0000  P   55.00  99.000
      3      9  STA009        80.0000      0.0000      0.0000  P   65.00  99.000
      3     10  STA010        90.0000      0.0000      0.0000  P   75.00  99.000
      3     11  STA011       100.0000      0.0000      0.0000  P   85.00  99.000
      3     12  STA012       110.0000      0.0000      0.0000  P   95.00  99.000
      3     13  STA013       120.0000      0.0000      0.0000  P  105.00  99.000
      3     14  STA014       130.0000      0.0000      0.0000  P  115.00  99.000
      3     15  STA015       140.0000      0.0000      0.0000  P  125.00  99.000
      3     16  STA016       150.0000      0.0000      0.0000  P  135.00  99.000
      3     17  STA017       160.0000      0.0000      0.0000  P  145.00  99.000
      3     18  STA018       170.0000      0.0000      0.0000  P  155.00  99.000
      3     19  STA019       180.0000      0.0000      0.0000  P  165.00  99.000
      3     20  STA020       190.0000      0.0000      0.0000  P  175.00  99.000
      3     21  STA021       200.0000      0.0000      0.0000  P  185.00  99.000
      3     22  STA022       210.0000      0.0000      0.0000  P  195.00  99.000
      3     23  STA023       220.0000      0.0000      0.0000  P  205.00  99.000
      3     24  STA024       230.0000      0.0000      0.0000  P  215.00  99.000
      3     25  STA025       240.0000      0.0000      0.0000  P  225.00  99.000
         4 1977  4  9  8  8   8.800   20.0000      0.0000 -15.00  3.00   25       104
      4      1  STA001         0.0000      0.0000      0.0000  P   20.00  99.000
      4      2  STA002        10.0000      0.0000      0.0000  P   10.00  99.000
      4      3  STA003        20.0000      0.0000      0.0000  P    0.00  99.000
      4      4  STA004        30.0000      0.0000      0.0000  P   10.00  99.000
      4      5  STA005        40.0000      0.0000      0.0000  P   20.00  99.000
      4      6  STA006        50.0000      0.0000      0.0000  P   30.00  99.000
      4      7  STA007        60.0000      0.0000      0.0000  P   40.00  99.000
      4      8  STA008        70.0000      0.0000      0.0000  P   50.00  99.000
      4      9  STA009        80.0000      0.0000      0.0000  P   60.00  99.000
      4     10  STA010        90.0000      0.0000      0.0000  P   70.00  99.000
      4     11  STA011       100.0000      0.0000      0.0000  P   80.00  99.000
      4     12  STA012       110.0000      0.0000      0.0000  P   90.00  99.000
      4     13  STA013       120.0000      0.0000      0.0000  P  100.00  99.000
      4     14  STA014       130.0000      0.0000      0.0000  P  110.00  99.000
      4     15  STA015       140.0000      0.0000      0.0000  P  120.00  99.000
      4     16  STA016       150.0000      0.0000      0.0000  P  130.00  99.000
      4     17  STA017       160.0000      0.0000      0.0000  P  140.00  99.000
      4     18  STA018       170.0000      0.0000      0.0000  P  150.00  99.000
      4     19  STA019       180.0000      0.0000      0.0000  P  160.00  99.000
      4     20  STA020       190.0000      0.0000      0.0000  P  170.00  99.000
      4     21  STA021       200.0000      0.0000      0.0000  P  180.00  99.000
      4     22  STA022       210.0000      0.0000      0.0000  P  190.00  99.000
      4     23  STA023       220.0000      0.0000      0.0000  P  200.00  99.000
      4     24  STA024       230.0000      0.0000      0.0000  P  210.00  99.000
      4     25  STA025       240.0000      0.0000      0.0000  P  220.00  99.000
         5 1978  4  9  8  8   8.800   25.0000      0.0000 -15.00  3.00   25       105
      5      1  STA001         0.0000      0.0000      0.0000  P   25.00  99.000
      5      2  STA002        10.0000      0.0000      0.0000  P   15.00  99.000
      5      3  STA003        20.0000      0.0000      0.0000  P    5.00  99.000
      5      4  STA004        30.0000      0.0000      0.0000  P    5.00  99.000
      5      5  STA005        40.0000      0.0000      0.0000  P   15.00  99.000
      5      6  STA006        50.0000      0.0000      0.0000  P   25.00  99.000
      5      7  STA007        60.0000      0.0000      0.0000  P   35.00  99.000
      5      8  STA008        70.0000      0.0000      0.0000  P   45.00  99.000
      5      9  STA009        80.0000      0.0000      0.0000  P   55.00  99.000
      5     10  STA010        90.0000      0.0000      0.0000  P   65.00  99.000
      5     11  STA011       100.0000      0.0000      0.0000  P   75.00  99.000
      5     12  STA012       110.0000      0.0000      0.0000  P   85.00  99.000
      5     13  STA013       120.0000      0.0000      0.0000  P   95.00  99.000
      5     14  STA014       130.0000      0.0000      0.0000  P  105.00  99.000
      5     15  STA015       140.0000      0.0000      0.0000  P  115.00  99.000
      5     16  STA016       150.0000      0.0000      0.0000  P  125.00  99.000
      5     17  STA017       160.0000      0.0000      0.0000  P  135.00  99.000
      5     18  STA018       170.0000      0.0000      0.0000  P  145.00  99.000
      5     19  STA019       180.0000      0.0000      0.0000  P  155.00  99.000
      5     20  STA020       190.0000      0.0000      0.0000  P  165.00  99.000
      5     21  STA021       200.0000      0.0000      0.0000  P  175.00  99.000
      5     22  STA022       210.0000      0.0000      0.0000  P  185.00  99.000
      5     23  STA023       220.0000      0.0000      0.0000  P  195.00  99.000
      5     24  STA024       230.0000      0.0000      0.0000  P  205.00  99.000
      5     25  STA025       240.0000      0.0000      0.0000  P  215.00  99.000
         6 1979  4  9  8  8   8.800   30.0000      0.0000 -15.00  3.00   25       106
      6      1  STA001         0.0000      0.0000      0.0000  P   30.00  99.000
      6      2  STA002        10.0000      0.0000      0.0000  P   20.00  99.000
      6      3  STA003        20.0000      0.0000      0.0000  P   10.00  99.000
      6      4  STA004        30.0000      0.0000      0.0000  P    0.00  99.000
      6      5  STA005        40.0000      0.0000      0.0000  P   10.00  99.000
      6      6  STA006        50.0000      0.0000      0.0000  P   20.00  99.000
      6      7  STA007        60.0000      0.0000      0.0000  P   30.00  99.000
      6      8  STA008        70.0000      0.0000      0.0000  P   40.00  99.000
      6      9  STA009        80.0000      0.0000      0.0000  P   50.00  99.000
      6     10  STA010        90.0000      0.0000      0.0000  P   60.00  99.000
      6     11  STA011       100.0000      0.0000      0.0000  P   70.00  99.000
      6     12  STA012       110.0000      0.0000      0.0000  P   80.00  99.000
      6     13  STA013       120.0000      0.0000      0.0000  P   90.00  99.000
      6     14  STA014       130.0000      0.0000      0.0000  P  100.00  99.000
      6     15  STA015       140.0000      0.0000      0.0000  P  110.00  99.000
      6     16  STA016       150.0000      0.0000      0.0000  P  120.00  99.000
      6     17  STA017       160.0000      0.0000      0.0000  P  130.00  99.000
      6     18  STA018       170.0000      0.0000      0.0000  P  140.00  99.000
      6     19  STA019       180.0000      0.0000      0.0000  P  150.00  99.000
      6     20  STA020       190.0000      0.0000      0.0000  P  160.00  99.000
      6     21  STA021       200.0000      0.0000      0.0000  P  170.00  99.000
      6     22  STA022       210.0000      0.0000      0.0000  P  180.00  99.000
      6     23  STA023       220.0000      0.0000      0.0000  P  190.00  99.000
      6     24  STA024       230.0000      0.0000      0.0000  P  200.00  99.000
      6     25  STA025       240.0000      0.0000      0.0000  P  210.00  99.000
         7 1980  4  9  8  8   8.800   35.0000      0.0000 -15.00  3.00   25       107
      7      1  STA001         0.0000      0.0000      0.0000  P   35.00  99.000
      7      2  STA002        10.0000      0.0000      0.0000  P   25.00  99.000
      7      3  STA003        20.0000      0.0000      0.0000  P   15.00  99.000
      7      4  STA004        30.0000      0.0000      0.0000  P    5.00  99.000
      7      5  STA005        40.0000      0.0000      0.0000  P    5.00  99.000
      7      6  STA006        50.0000      0.0000      0.0000  P   15.00  99.000
      7      7  STA007        60.0000      0.0000      0.0000  P   25.00  99.000
      7      8  STA008        70.0000      0.0000      0.0000  P   35.00  99.000
      7      9  STA009        80.0000      0.0000      0.0000  P   45.00  99.000
      7     10  STA010        90.0000      0.0000      0.0000  P   55.00  99.000
      7     11  STA011       100.0000      0.0000      0.0000  P   65.00  99.000
      7     12  STA012       110.0000      0.0000      0.0000  P   75.00  99.000
      7     13  STA013       120.0000      0.0000      0.0000  P   85.00  99.000
      7     14  STA014       130.0000      0.0000      0.0000  P   95.00  99.000
      7     15  STA015       140.0000      0.0000      0.0000  P  105.00  99.000
      7     16  STA016       150.0000      0.0000      0.0000  P  115.00  99.000
      7     17  STA017       160.0000      0.0000      0.0000  P  125.00  99.000
      7     18  STA018       170.0000      0.0000      0.0000  P  135.00  99.000
      7     19  STA019       180.0000      0.0000      0.0000  P  145.00  99.000
      7     20  STA020       190.0000      0.0000      0.0000  P  155.00  99.000
      7     21  STA021       200.0000      0.0000      0.0000  P  165.00  99.000
      7     22  STA022       210.0000      0.0000      0.0000  P  175.00  99.000
      7     23  STA023       220.0000      0.0000      0.0000  P  185.00  99.000
      7     24  STA024       230.0000      0.0000      0.0000  P  195.00  99.000
      7     25  STA025       240.0000      0.0000      0.0000  P  205.00  99.000
         8 1981  4  9  8  8   8.800   40.0000      0.0000 -15.00  3.00   25       108
      8      1  STA001         0.0000      0.0000      0.0000  P   40.00  99.000
      8      2  STA002        10.0000      0.0000      0.0000  P   30.00  99.000
      8      3  STA003        20.0000      0.0000      0.0000  P   20.00  99.000
      8      4  STA004        30.0000      0.0000      0.0000  P   10.00  99.000
      8      5  STA005        40.0000      0.0000      0.0000  P    0.00  99.000
      8      6  STA006        50.0000      0.0000      0.0000  P   10.00  99.000
      8      7  STA007        60.0000      0.0000      0.0000  P   20.00  99.000
      8      8  STA008        70.0000      0.0000      0.0000  P   30.00  99.000
      8      9  STA009        80.0000      0.0000      0.0000  P   40.00  99.000
      8     10  STA010        90.0000      0.0000      0.0000  P   50.00  99.000
      8     11  STA011       100.0000      0.0000      0.0000  P   60.00  99.000
      8     12  STA012       110.0000      0.0000      0.0000  P   70.00  99.000
      8     13  STA013       120.0000      0.0000      0.0000  P   80.00  99.000
      8     14  STA014       130.0000      0.0000      0.0000  P   90.00  99.000
      8     15  STA015       140.0000      0.0000      0.0000  P  100.00  99.000
      8     16  STA016       150.0000      0.0000      0.0000  P  110.00  99.000
      8     17  STA017       160.0000      0.0000      0.0000  P  120.00  99.000
      8     18  STA018       170.0000      0.0000      0.0000  P  130.00  99.000
      8     19  STA019       180.0000      0.0000      0.0000  P  140.00  99.000
      8     20  STA020       190.0000      0.0000      0.0000  P  150.00  99.000
      8     21  STA021       200.0000      0.0000      0.0000  P  160.00  99.000
      8     22  STA022       210.0000      0.0000      0.0000  P  170.00  99.000
      8     23  STA023       220.0000      0.0000      0.0000  P  180.00  99.000
      8     24  STA024       230.0000      0.0000      0.0000  P  190.00  99.000
      8     25  STA025       240.0000      0.0000      0.0000  P  200.00  99.000
         9 1982  4  9  8  8   8.800   45.0000      0.0000 -15.00  3.00   25       109
      9      1  STA001         0.0000      0.0000      0.0000  P   45.00  99.000
      9      2  STA002        10.0000      0.0000      0.0000  P   35.00  99.000
      9      3  STA003        20.0000      0.0000      0.0000  P   25.00  99.000
      9      4  STA004        30.0000      0.0000      0.0000  P   15.00  99.000
      9      5  STA005        40.0000      0.0000      0.0000  P    5.00  99.000
      9      6  STA006        50.0000      0.0000      0.0000  P    5.00  99.000
      9      7  STA007        60.0000      0.0000      0.0000  P   15.00  99.000
      9      8  STA008        70.0000      0.0000      0.0000  P   25.00  99.000
      9      9  STA009        80.0000      0.0000      0.0000  P   35.00  99.000
      9     10  STA010        90.0000      0.0000      0.0000  P   45.00  99.000
      9     11  STA011       100.0000      0.0000      0.0000  P   55.00  99.000
      9     12  STA012       110.0000      0.0000      0.0000  P   65.00  99.000
      9     13  STA013       120.0000      0.0000      0.0000  P   75.00  99.000
      9     14  STA014       130.0000      0.0000      0.0000  P   85.00  99.000
      9     15  STA015       140.0000      0.0000      0.0000  P   95.00  99.000
      9     16  STA016       150.0000      0.0000      0.0000  P  105.00  99.000
      9     17  STA017       160.0000      0.0000      0.0000  P  115.00  99.000
      9     18  STA018       170.0000      0.0000      0.0000  P  125.00  99.000
      9     19  STA019       180.0000      0.0000      0.0000  P  135.00  99.000
      9     20  STA020       190.0000      0.0000      0.0000  P  145.00  99.000
      9     21  STA021       200.0000      0.0000      0.0000  P  155.00  99.000
      9     22  STA022       210.0000      0.0000      0.0000  P  165.00  99.000
      9     23  STA023       220.0000      0.0000      0.0000  P  175.00  99.000
      9     24  STA024       230.0000      0.0000      0.0000  P  185.00  99.000
      9     25  STA025       240.0000      0.0000      0.0000  P  195.00  99.000
        10 1983  4  9  8  8   8.800   50.0000      0.0000 -15.00  3.00   25       110
     10      1  STA001         0.0000      0.0000      0.0000  P   50.00  99.000
     10      2  STA002        10.0000      0.0000      0.0000  P   40.00  99.000
     10      3  STA003        20.0000      0.0000      0.0000  P   30.00  99.000
     10      4  STA004        30.0000      0.0000      0.0000  P   20.00  99.000
     10      5  STA005        40.0000      0.0000      0.0000  P   10.00  99.000
     10      6  STA006        50.0000      0.0000      0.0000  P    0.00  99.000
     10      7  STA007        60.0000      0.0000      0.0000  P   10.00  99.000
     10      8  STA008        70.0000      0.0000      0.0000  P   20.00  99.000
     10      9  STA009        80.0000      0.0000      0.0000  P   30.00  99.000
     10     10  STA010        90.0000      0.0000      0.0000  P   40.00  99.000
     10     11  STA011       100.0000      0.0000      0.0000  P   50.00  99.000
     10     12  STA012       110.0000      0.0000      0.0000  P   60.00  99.000
     10     13  STA013       120.0000      0.0000      0.0000  P   70.00  99.000
     10     14  STA014       130.0000      0.0000      0.0000  P   80.00  99.000
     10     15  STA015       140.0000      0.0000      0.0000  P   90.00  99.000
     10     16  STA016       150.0000      0.0000      0.0000  P  100.00  99.000
     10     17  STA017       160.0000      0.0000      0.0000  P  110.00  99.000
     10     18  STA018       170.0000      0.0000      0.0000  P  120.00  99.000
     10     19  STA019       180.0000      0.0000      0.0000  P  130.00  99.000
     10     20  STA020       190.0000      0.0000      0.0000  P  140.00  99.000
     10     21  STA021       200.0000      0.0000      0.0000  P  150.00  99.000
     10     22  STA022       210.0000      0.0000      0.0000  P  160.00  99.000
     10     23  STA023       220.0000      0.0000      0.0000  P  170.00  99.000
     10     24  STA024       230.0000      0.0000      0.0000  P  180.00  99.000
     10     25  STA025       240.0000      0.0000      0.0000  P  190.00  99.000
        11 1984  4  9  8  8   8.800   55.0000      0.0000 -15.00  3.00   25       111
     11      1  STA001         0.0000      0.0000      0.0000  P   55.00  99.000
     11      2  STA002        10.0000      0.0000      0.0000  P   45.00  99.000
     11      3  STA003        20.0000      0.0000      0.0000  P   35.00  99.000
     11      4  STA004        30.0000      0.0000      0.0000  P   25.00  99.000
     11      5  STA005        40.0000      0.0000      0.0000  P   15.00  99.000
     11      6  STA006        50.0000      0.0000      0.0000  P    5.00  99.000
     11      7  STA007        60.0000      0.0000      0.0000  P    5.00  99.000
     11      8  STA008        70.0000      0.0000      0.0000  P   15.00  99.000
     11      9  STA009        80.0000      0.0000      0.0000  P   25.00  99.000
     11     10  STA010        90.0000      0.0000      0.0000  P   35.00  99.000
     11     11  STA011       100.0000      0.0000      0.0000  P   45.00  99.000
     11     12  STA012       110.0000      0.0000      0.0000  P   55.00  99.000
     11     13  STA013       120.0000      0.0000      0.0000  P   65.00  99.000
     11     14  STA014       130.0000      0.0000      0.0000  P   75.00  99.000
     11     15  STA015       140.0000      0.0000      0.0000  P   85.00  99.000
     11     16  STA016       150.0000      0.0000      0.0000  P   95.00  99.000
     11     17  STA017       160.0000      0.0000      0.0000  P  105.00  99.000
     11     18  STA018       170.0000      0.0000      0.0000  P  115.00  99.000
     11     19  STA019       180.0000      0.0000      0.0000  P  125.00  99.000
     11     20  STA020       190.0000      0.0000      0.0000  P  135.00  99.000
     11     21  STA021       200.0000      0.0000      0.0000  P  145.00  99.000
     11     22  STA022       210.0000      0.0000      0.0000  P  155.00  99.000
     11     23  STA023       220.0000      0.0000      0.0000  P  165.00  99.000
     11     24  STA024       230.0000      0.0000      0.0000  P  175.00  99.000
     11     25  STA025       240.0000      0.0000      0.0000  P  185.00  99.000
        12 1985  4  9  8  8   8.800   60.0000      0.0000 -15.00  3.00   25       112
     12      1  STA001         0.0000      0.0000      0.0000  P   60.00  99.000
     12      2  STA002        10.0000      0.0000      0.0000  P   50.00  99.000
     12      3  STA003        20.0000      0.0000      0.0000  P   40.00  99.000
     12      4  STA004        30.0000      0.0000      0.0000  P   30.00  99.000
     12      5  STA005        40.0000      0.0000      0.0000  P   20.00  99.000
     12      6  STA006        50.0000      0.0000      0.0000  P   10.00  99.000
     12      7  STA007        60.0000      0.0000      0.0000  P    0.00  99.000
     12      8  STA008        70.0000      0.0000      0.0000  P   10.00  99.000
     12      9  STA009        80.0000      0.0000      0.0000  P   20.00  99.000
     12     10  STA010        90.0000      0.0000      0.0000  P   30.00  99.000
     12     11  STA011       100.0000      0.0000      0.0000  P   40.00  99.000
     12     12  STA012       110.0000      0.0000      0.0000  P   50.00  99.000
     12     13  STA013       120.0000      0.0000      0.0000  P   60.00  99.000
     12     14  STA014       130.0000      0.0000      0.0000  P   70.00  99.000
     12     15  STA015       140.0000      0.0000      0.0000  P   80.00  99.000
     12     16  STA016       150.0000      0.0000      0.0000  P   90.00  99.000
     12     17  STA017       160.0000      0.0000      0.0000  P  100.00  99.000
     12     18  STA018       170.0000      0.0000      0.0000  P  110.00  99.000
     12     19  STA019       180.0000      0.0000      0.0000  P  120.00  99.000
     12     20  STA020       190.0000      0.0000      0.0000  P  130.00  99.000
     12     21  STA021       200.0000      0.0000      0.0000  P  140.00  99.000
     12     22  STA022       210.0000      0.0000      0.0000  P  150.00  99.000
     12     23  STA023       220.0000      0.0000      0.0000  P  160.00  99.000
     12     24  STA024       230.0000      0.0000      0.0000  P  170.00  99.000
     12     25  STA025       240.0000      0.0000      0.0000  P  180.00  99.000
        13 1986  4  9  8  8   8.800   65.0000      0.0000 -15.00  3.00   25       113
     13      1  STA001         0.0000      0.0000      0.0000  P   65.00  99.000
     13      2  STA002        10.0000      0.0000      0.0000  P   55.00  99.000
     13      3  STA003        20.0000      0.0000      0.0000  P   45.00  99.000
     13      4  STA004        30.0000      0.0000      0.0000  P   35.00  99.000
     13      5  STA005        40.0000      0.0000      0.0000  P   25.00  99.000
     13      6  STA006        50.0000      0.0000      0.0000  P   15.00  99.000
     13      7  STA007        60.0000      0.0000      0.0000  P    5.00  99.000
     13      8  STA008        70.0000      0.0000      0.0000  P    5.00  99.000
     13      9  STA009        80.0000      0.0000      0.0000  P   15.00  99.000
     13     10  STA010        90.0000      0.0000      0.0000  P   25.00  99.000
     13     11  STA011       100.0000      0.0000      0.0000  P   35.00  99.000
     13     12  STA012       110.0000      0.0000      0.0000  P   45.00  99.000
     13     13  STA013       120.0000      0.0000      0.0000  P   55.00  99.000
     13     14  STA014       130.0000      0.0000      0.0000  P   65.00  99.000
     13     15  STA015       140.0000      0.0000      0.0000  P   75.00  99.000
     13     16  STA016       150.0000      0.0000      0.0000  P   85.00  99.000
     13     17  STA017       160.0000      0.0000      0.0000  P   95.00  99.000
     13     18  STA018       170.0000      0.0000      0.0000  P  105.00  99.000
     13     19  STA019       180.0000      0.0000      0.0000  P  115.00  99.000
     13     20  STA020       190.0000      0.0000      0.0000  P  125.00  99.000
     13     21  STA021       200.0000      0.0000      0.0000  P  135.00  99.000
     13     22  STA022       210.0000      0.0000      0.0000  P  145.00  99.000
     13     23  STA023       220.0000      0.0000      0.0000  P  155.00  99.000
     13     24  STA024       230.0000      0.0000      0.0000  P  165.00  99.000
     13     25  STA025       240.0000      0.0000      0.0000  P  175.00  99.000
        14 1987  4  9  8  8   8.800   70.0000      0.0000 -15.00  3.00   25       114
     14      1  STA001         0.0000      0.0000      0.0000  P   70.00  99.000
     14      2  STA002        10.0000      0.0000      0.0000  P   60.00  99.000
     14      3  STA003        20.0000      0.0000      0.0000  P   50.00  99.000
     14      4  STA004        30.0000      0.0000      0.0000  P   40.00  99.000
     14      5  STA005        40.0000      0.0000      0.0000  P   30.00  99.000
     14      6  STA006        50.0000      0.0000      0.0000  P   20.00  99.000
     14      7  STA007        60.0000      0.0000      0.0000  P   10.00  99.000
     14      8  STA008        70.0000      0.0000      0.0000  P    0.00  99.000
     14      9  STA009        80.0000      0.0000      0.0000  P   10.00  99.000
     14     10  STA010        90.0000      0.0000      0.0000  P   20.00  99.000
     14     11  STA011       100.0000      0.0000      0.0000  P   30.00  99.000
     14     12  STA012       110.0000      0.0000      0.0000  P   40.00  99.000
     14     13  STA013       120.0000      0.0000      0.0000  P   50.00  99.000
     14     14  STA014       130.0000      0.0000      0.0000  P   60.00  99.000
     14     15  STA015       140.0000      0.0000      0.0000  P   70.00  99.000
     14     16  STA016       150.0000      0.0000      0.0000  P   80.00  99.000
     14     17  STA017       160.0000      0.0000      0.0000  P   90.00  99.000
     14     18  STA018       170.0000      0.0000      0.0000  P  100.00  99.000
     14     19  STA019       180.0000      0.0000      0.0000  P  110.00  99.000
     14     20  STA020       190.0000      0.0000      0.0000  P  120.00  99.000
     14     21  STA021       200.0000      0.0000      0.0000  P  130.00  99.000
     14     22  STA022       210.0000      0.0000      0.0000  P  140.00  99.000
     14     23  STA023       220.0000      0.0000      0.0000  P  150.00  99.000
     14     24  STA024       230.0000      0.0000      0.0000  P  160.00  99.000
     14     25  STA025       240.0000      0.0000      0.0000  P  170.00  99.000
        15 1988  4  9  8  8   8.800   75.0000      0.0000 -15.00  3.00   25       115
     15      1  STA001         0.0000      0.0000      0.0000  P   75.00  99.000
     15      2  STA002        10.0000      0.0000      0.0000  P   65.00  99.000
     15      3  STA003        20.0000      0.0000      0.0000  P   55.00  99.000
     15      4  STA004        30.0000      0.0000      0.0000  P   45.00  99.000
     15      5  STA005        40.0000      0.0000      0.0000  P   35.00  99.000
     15      6  STA006        50.0000      0.0000      0.0000  P   25.00  99.000
     15      7  STA007        60.0000      0.0000      0.0000  P   15.00  99.000
     15      8  STA008        70.0000      0.0000      0.0000  P    5.00  99.000
     15      9  STA009        80.0000      0.0000      0.0000  P    5.00  99.000
     15     10  STA010        90.0000      0.0000      0.0000  P   15.00  99.000
     15     11  STA011       100.0000      0.0000      0.0000  P   25.00  99.000
     15     12  STA012       110.0000      0.0000      0.0000  P   35.00  99.000
     15     13  STA013       120.0000      0.0000      0.0000  P   45.00  99.000
     15     14  STA014       130.0000      0.0000      0.0000  P   55.00  99.000
     15     15  STA015       140.0000      0.0000      0.0000  P   65.00  99.000
     15     16  STA016       150.0000      0.0000      0.0000  P   75.00  99.000
     15     17  STA017       160.0000      0.0000      0.0000  P   85.00  99.000
     15     18  STA018       170.0000      0.0000      0.0000  P   95.00  99.000
     15     19  STA019       180.0000      0.0000      0.0000  P  105.00  99.000
     15     20  STA020       190.0000      0.0000      0.0000  P  115.00  99.000
     15     21  STA021       200.0000      0.0000      0.0000  P  125.00  99.000
     15     22  STA022       210.0000      0.0000      0.0000  P  135.00  99.000
     15     23  STA023       220.0000      0.0000      0.0000  P  145.00  99.000
     15     24  STA024       230.0000      0.0000      0.0000  P  155.00  99.000
     15     25  STA025       240.0000      0.0000      0.0000  P  165.00  99.000
        16 1989  4  9  8  8   8.800   80.0000      0.0000 -15.00  3.00   25       116
     16      1  STA001         0.0000      0.0000      0.0000  P   80.00  99.000
     16      2  STA002        10.0000      0.0000      0.0000  P   70.00  99.000
     16      3  STA003        20.0000      0.0000      0.0000  P   60.00  99.000
     16      4  STA004        30.0000      0.0000      0.0000  P   50.00  99.000
     16      5  STA005        40.0000      0.0000      0.0000  P   40.00  99.000
     16      6  STA006        50.0000      0.0000      0.0000  P   30.00  99.000
     16      7  STA007        60.0000      0.0000      0.0000  P   20.00  99.000
     16      8  STA008        70.0000      0.0000      0.0000  P   10.00  99.000
     16      9  STA009        80.0000      0.0000      0.0000  P    0.00  99.000
     16     10  STA010        90.0000      0.0000      0.0000  P   10.00  99.000
     16     11  STA011       100.0000      0.0000      0.0000  P   20.00  99.000
     16     12  STA012       110.0000      0.0000      0.0000  P   30.00  99.000
     16     13  STA013       120.0000      0.0000      0.0000  P   40.00  99.000
     16     14  STA014       130.0000      0.0000      0.0000  P   50.00  99.000
     16     15  STA015       140.0000      0.0000      0.0000  P   60.00  99.000
     16     16  STA016       150.0000      0.0000      0.0000  P   70.00  99.000
     16     17  STA017       160.0000      0.0000      0.0000  P   80.00  99.000
     16     18  STA018       170.0000      0.0000      0.0000  P   90.00  99.000
     16     19  STA019       180.0000      0.0000      0.0000  P  100.00  99.000
     16     20  STA020       190.0000      0.0000      0.0000  P  110.00  99.000
     16     21  STA021       200.0000      0.0000      0.0000  P  120.00  99.000
     16     22  STA022       210.0000      0.0000      0.0000  P  130.00  99.000
     16     23  STA023       220.0000      0.0000      0.0000  P  140.00  99.000
     16     24  STA024       230.0000      0.0000      0.0000  P  150.00  99.000
     16     25  STA025       240.0000      0.0000      0.0000  P  160.00  99.000
        17 1990  4  9  8  8   8.800   85.0000      0.0000 -15.00  3.00   25       117
     17      1  STA001         0.0000      0.0000      0.0000  P   85.00  99.000
     17      2  STA002        10.0000      0.0000      0.0000  P   75.00  99.000
     17      3  STA003        20.0000      0.0000      0.0000  P   65.00  99.000
     17      4  STA004        30.0000      0.0000      0.0000  P   55.00  99.000
     17      5  STA005        40.0000      0.0000      0.0000  P   45.00  99.000
     17      6  STA006        50.0000      0.0000      0.0000  P   35.00  99.000
     17      7  STA007        60.0000      0.0000      0.0000  P   25.00  99.000
     17      8  STA008        70.0000      0.0000      0.0000  P   15.00  99.000
     17      9  STA009        80.0000      0.0000      0.0000  P    5.00  99.000
     17     10  STA010        90.0000      0.0000      0.0000  P    5.00  99.000
     17     11  STA011       100.0000      0.0000      0.0000  P   15.00  99.000
     17     12  STA012       110.0000      0.0000      0.0000  P   25.00  99.000
     17     13  STA013       120.0000      0.0000      0.0000  P   35.00  99.000
     17     14  STA014       130.0000      0.0000      0.0000  P   45.00  99.000
     17     15  STA015       140.0000      0.0000      0.0000  P   55.00  99.000
     17     16  STA016       150.0000      0.0000      0.0000  P   65.00  99.000
     17     17  STA017       160.0000      0.0000      0.0000  P   75.00  99.000
     17     18  STA018       170.0000      0.0000      0.0000  P   85.00  99.000
     17     19  STA019       180.0000      0.0000      0.0000  P   95.00  99.000
     17     20  STA020       190.0000      0.0000      0.0000  P  105.00  99.000
     17     21  STA021       200.0000      0.0000      0.0000  P  115.00  99.000
     17     22  STA022       210.0000      0.0000      0.0000  P  125.00  99.000
     17     23  STA023       220.0000      0.0000      0.0000  P  135.00  99.000
     17     24  STA024       230.0000      0.0000      0.0000  P  145.00  99.000
     17     25  STA025       240.0000      0.0000      0.0000  P  155.00  99.000
        18 1991  4  9  8  8   8.800   90.0000      0.0000 -15.00  3.00   25       118
     18      1  STA001         0.0000      0.0000      0.0000  P   90.00  99.000
     18      2  STA002        10.0000      0.0000      0.0000  P   80.00  99.000
     18      3  STA003        20.0000      0.0000      0.0000  P   70.00  99.000
     18      4  STA004        30.0000      0.0000      0.0000  P   60.00  99.000
     18      5  STA005        40.0000      0.0000      0.0000  P   50.00  99.000
     18      6  STA006        50.0000      0.0000      0.0000  P   40.00  99.000
     18      7  STA007        60.0000      0.0000      0.0000  P   30.00  99.000
     18      8  STA008        70.0000      0.0000      0.0000  P   20.00  99.000
     18      9  STA009        80.0000      0.0000      0.0000  P   10.00  99.000
     18     10  STA010        90.0000      0.0000      0.0000  P    0.00  99.000
     18     11  STA011       100.0000      0.0000      0.0000  P   10.00  99.000
     18     12  STA012       110.0000      0.0000      0.0000  P   20.00  99.000
     18     13  STA013       120.0000      0.0000      0.0000  P   30.00  99.000
     18     14  STA014       130.0000      0.0000      0.0000  P   40.00  99.000
     18     15  STA015       140.0000      0.0000      0.0000  P   50.00  99.000
     18     16  STA016       150.0000      0.0000      0.0000  P   60.00  99.000
     18     17  STA017       160.0000      0.0000      0.0000  P   70.00  99.000
     18     18  STA018       170.0000      0.0000      0.0000  P   80.00  99.000
     18     19  STA019       180.0000      0.0000      0.0000  P   90.00  99.000
     18     20  STA020       190.0000      0.0000      0.0000  P  100.00  99.000
     18     21  STA021       200.0000      0.0000      0.0000  P  110.00  99.000
     18     22  STA022       210.0000      0.0000      0.0000  P  120.00  99.000
     18     23  STA023       220.0000      0.0000      0.0000  P  130.00  99.000
     18     24  STA024       230.0000      0.0000      0.0000  P  140.00  99.000
     18     25  STA025       240.0000      0.0000      0.0000  P  150.00  99.000
        19 1992  4  9  8  8   8.800   95.0000      0.0000 -15.00  3.00   25       119
     19      1  STA001         0.0000      0.0000      0.0000  P   95.00  99.000
     19      2  STA002        10.0000      0.0000      0.0000  P   85.00  99.000
     19      3  STA003        20.0000      0.0000      0.0000  P   75.00  99.000
     19      4  STA004        30.0000      0.0000      0.0000  P   65.00  99.000
     19      5  STA005        40.0000      0.0000      0.0000  P   55.00  99.000
     19      6  STA006        50.0000      0.0000      0.0000  P   45.00  99.000
     19      7  STA007        60.0000      0.0000      0.0000  P   35.00  99.000
     19      8  STA008        70.0000      0.0000      0.0000  P   25.00  99.000
     19      9  STA009        80.0000      0.0000      0.0000  P   15.00  99.000
     19     10  STA010        90.0000      0.0000      0.0000  P    5.00  99.000
     19     11  STA011       100.0000      0.0000      0.0000  P    5.00  99.000
     19     12  STA012       110.0000      0.0000      0.0000  P   15.00  99.000
     19     13  STA013       120.0000      0.0000      0.0000  P   25.00  99.000
     19     14  STA014       130.0000      0.0000      0.0000  P   35.00  99.000
     19     15  STA015       140.0000      0.0000      0.0000  P   45.00  99.000
     19     16  STA016       150.0000      0.0000      0.0000  P   55.00  99.000
     19     17  STA017       160.0000      0.0000      0.0000  P   65.00  99.000
     19     18  STA018       170.0000      0.0000      0.0000  P   75.00  99.000
     19     19  STA019       180.0000      0.0000      0.0000  P   85.00  99.000
     19     20  STA020       190.0000      0.0000      0.0000  P   95.00  99.000
     19     21  STA021       200.0000      0.0000      0.0000  P  105.00  99.000
     19     22  STA022       210.0000      0.0000      0.0000  P  115.00  99.000
     19     23  STA023       220.0000      0.0000      0.0000  P  125.00  99.000
     19     24  STA024       230.0000      0.0000      0.0000  P  135.00  99.000
     19     25  STA025       240.0000      0.0000      0.0000  P  145.00  99.000
        20 1993  4  9  8  8   8.800  100.0000      0.0000 -15.00  3.00   25       120
     20      1  STA001         0.0000      0.0000      0.0000  P  100.00  99.000
     20      2  STA002        10.0000      0.0000      0.0000  P   90.00  99.000
     20      3  STA003        20.0000      0.0000      0.0000  P   80.00  99.000
     20      4  STA004        30.0000      0.0000      0.0000  P   70.00  99.000
     20      5  STA005        40.0000      0.0000      0.0000  P   60.00  99.000
     20      6  STA006        50.0000      0.0000      0.0000  P   50.00  99.000
     20      7  STA007        60.0000      0.0000      0.0000  P   40.00  99.000
     20      8  STA008        70.0000      0.0000      0.0000  P   30.00  99.000
     20      9  STA009        80.0000      0.0000      0.0000  P   20.00  99.000
     20     10  STA010        90.0000      0.0000      0.0000  P   10.00  99.000
     20     11  STA011       100.0000      0.0000      0.0000  P    0.00  99.000
     20     12  STA012       110.0000      0.0000      0.0000  P   10.00  99.000
     20     13  STA013       120.0000      0.0000      0.0000  P   20.00  99.000
     20     14  STA014       130.0000      0.0000      0.0000  P   30.00  99.000
     20     15  STA015       140.0000      0.0000      0.0000  P   40.00  99.000
     20     16  STA016       150.0000      0.0000      0.0000  P   50.00  99.000
     20     17  STA017       160.0000      0.0000      0.0000  P   60.00  99.000
     20     18  STA018       170.0000      0.0000      0.0000  P   70.00  99.000
     20     19  STA019       180.0000      0.0000      0.0000  P   80.00  99.000
     20     20  STA020       190.0000      0.0000      0.0000  P   90.00  99.000
     20     21  STA021       200.0000      0.0000      0.0000  P  100.00  99.000
     20     22  STA022       210.0000      0.0000      0.0000  P  110.00  99.000
     20     23  STA023       220.0000      0.0000      0.0000  P  120.00  99.000
     20     24  STA024       230.0000      0.0000      0.0000  P  130.00  99.000
     20     25  STA025       240.0000      0.0000      0.0000  P  140.00  99.000
        21 1994  4  9  8  8   8.800  105.0000      0.0000 -15.00  3.00   25       121
     21      1  STA001         0.0000      0.0000      0.0000  P  105.00  99.000
     21      2  STA002        10.0000      0.0000      0.0000  P   95.00  99.000
     21      3  STA003        20.0000      0.0000      0.0000  P   85.00  99.000
     21      4  STA004        30.0000      0.0000      0.0000  P   75.00  99.000
     21      5  STA005        40.0000      0.0000      0.0000  P   65.00  99.000
     21      6  STA006        50.0000      0.0000      0.0000  P   55.00  99.000
     21      7  STA007        60.0000      0.0000      0.0000  P   45.00  99.000
     21      8  STA008        70.0000      0.0000      0.0000  P   35.00  99.000
     21      9  STA009        80.0000      0.0000      0.0000  P   25.00  99.000
     21     10  STA010        90.0000      0.0000      0.0000  P   15.00  99.000
     21     11  STA011       100.0000      0.0000      0.0000  P    5.00  99.000
     21     12  STA012       110.0000      0.0000      0.0000  P    5.00  99.000
     21     13  STA013       120.0000      0.0000      0.0000  P   15.00  99.000
     21     14  STA014       130.0000      0.0000      0.0000  P   25.00  99.000
     21     15  STA015       140.0000      0.0000      0.0000  P   35.00  99.000
     21     16  STA016       150.0000      0.0000      0.0000  P   45.00  99.000
     21     17  STA017       160.0000      0.0000      0.0000  P   55.00  99.000
     21     18  STA018       170.0000      0.0000      0.0000  P   65.00  99.000
     21     19  STA019       180.0000      0.0000      0.0000  P   75.00  99.000
     21     20  STA020       190.0000      0.0000      0.0000  P   85.00  99.000
     21     21  STA021       200.0000      0.0000      0.0000  P   95.00  99.000
     21     22  STA022       210.0000      0.0000      0.0000  P  105.00  99.000
     21     23  STA023       220.0000      0.0000      0.0000  P  115.00  99.000
     21     24  STA024       230.0000      0.0000      0.0000  P  125.00  99.000
     21     25  STA025       240.0000      0.0000      0.0000  P  135.00  99.000
        22 1995  4  9  8  8   8.800  110.0000      0.0000 -15.00  3.00   25       122
     22      1  STA001         0.0000      0.0000      0.0000  P  110.00  99.000
     22      2  STA002        10.0000      0.0000      0.0000  P  100.00  99.000
     22      3  STA003        20.0000      0.0000      0.0000  P   90.00  99.000
     22      4  STA004        30.0000      0.0000      0.0000  P   80.00  99.000
     22      5  STA005        40.0000      0.0000      0.0000  P   70.00  99.000
     22      6  STA006        50.0000      0.0000      0.0000  P   60.00  99.000
     22      7  STA007        60.0000      0.0000      0.0000  P   50.00  99.000
     22      8  STA008        70.0000      0.0000      0.0000  P   40.00  99.000
     22      9  STA009        80.0000      0.0000      0.0000  P   30.00  99.000
     22     10  STA010        90.0000      0.0000      0.0000  P   20.00  99.000
     22     11  STA011       100.0000      0.0000      0.0000  P   10.00  99.000
     22     12  STA012       110.0000      0.0000      0.0000  P    0.00  99.000
     22     13  STA013       120.0000      0.0000      0.0000  P   10.00  99.000
     22     14  STA014       130.0000      0.0000      0.0000  P   20.00  99.000
     22     15  STA015       140.0000      0.0000      0.0000  P   30.00  99.000
     22     16  STA016       150.0000      0.0000      0.0000  P   40.00  99.000
     22     17  STA017       160.0000      0.0000      0.0000  P   50.00  99.000
     22     18  STA018       170.0000      0.0000      0.0000  P   60.00  99.000
     22     19  STA019       180.0000      0.0000      0.0000  P   70.00  99.000
     22     20  STA020       190.0000      0.0000      0.0000  P   80.00  99.000
     22     21  STA021       200.0000      0.0000      0.0000  P   90.00  99.000
     22     22  STA022       210.0000      0.0000      0.0000  P  100.00  99.000
     22     23  STA023       220.0000      0.0000      0.0000  P  110.00  99.000
     22     24  STA024       230.0000      0.0000      0.0000  P  120.00  99.000
     22     25  STA025       240.0000      0.0000      0.0000  P  130.00  99.000
        23 1996  4  9  8  8   8.800  115.0000      0.0000 -15.00  3.00   25       123
     23      1  STA001         0.0000      0.0000      0.0000  P  115.00  99.000
     23      2  STA002        10.0000      0.0000      0.0000  P  105.00  99.000
     23      3  STA003        20.0000      0.0000      0.0000  P   95.00  99.000
     23      4  STA004        30.0000      0.0000      0.0000  P   85.00  99.000
     23      5  STA005        40.0000      0.0000      0.0000  P   75.00  99.000
     23      6  STA006        50.0000      0.0000      0.0000  P   65.00  99.000
     23      7  STA007        60.0000      0.0000      0.0000  P   55.00  99.000
     23      8  STA008        70.0000      0.0000      0.0000  P   45.00  99.000
     23      9  STA009        80.0000      0.0000      0.0000  P   35.00  99.000
     23     10  STA010        90.0000      0.0000      0.0000  P   25.00  99.000
     23     11  STA011       100.0000      0.0000      0.0000  P   15.00  99.000
     23     12  STA012       110.0000      0.0000      0.0000  P    5.00  99.000
     23     13  STA013       120.0000      0.0000      0.0000  P    5.00  99.000
     23     14  STA014       130.0000      0.0000      0.0000  P   15.00  99.000
     23     15  STA015       140.0000      0.0000      0.0000  P   25.00  99.000
     23     16  STA016       150.0000      0.0000      0.0000  P   35.00  99.000
     23     17  STA017       160.0000      0.0000      0.0000  P   45.00  99.000
     23     18  STA018       170.0000      0.0000      0.0000  P   55.00  99.000
     23     19  STA019       180.0000      0.0000      0.0000  P   65.00  99.000
     23     20  STA020       190.0000      0.0000      0.0000  P   75.00  99.000
     23     21  STA021       200.0000      0.0000      0.0000  P   85.00  99.000
     23     22  STA022       210.0000      0.0000      0.0000  P   95.00  99.000
     23     23  STA023       220.0000      0.0000      0.0000  P  105.00  99.000
     23     24  STA024       230.0000      0.0000      0.0000  P  115.00  99.000
     23     25  STA025       240.0000      0.0000      0.0000  P  125.00  99.000
        24 1997  4  9  8  8   8.800  120.0000      0.0000 -15.00  3.00   25       124
     24      1  STA001         0.0000      0.0000      0.0000  P  120.00  99.000
     24      2  STA002        10.0000      0.0000      0.0000  P  110.00  99.000
     24      3  STA003        20.0000      0.0000      0.0000  P  100.00  99.000
     24      4  STA004        30.0000      0.0000      0.0000  P   90.00  99.000
     24      5  STA005        40.0000      0.0000      0.0000  P   80.00  99.000
     24      6  STA006        50.0000      0.0000      0.0000  P   70.00  99.000
     24      7  STA007        60.0000      0.0000      0.0000  P   60.00  99.000
     24      8  STA008        70.0000      0.0000      0.0000  P   50.00  99.000
     24      9  STA009        80.0000      0.0000      0.0000  P   40.00  99.000
     24     10  STA010        90.0000      0.0000      0.0000  P   30.00  99.000
     24     11  STA011       100.0000      0.0000      0.0000  P   20.00  99.000
     24     12  STA012       110.0000      0.0000      0.0000  P   10.00  99.000
     24     13  STA013       120.0000      0.0000      0.0000  P    0.00  99.000
     24     14  STA014       130.0000      0.0000      0.0000  P   10.00  99.000
     24     15  STA015       140.0000      0.0000      0.0000  P   20.00  99.000
     24     16  STA016       150.0000      0.0000      0.0000  P   30.00  99.000
     24     17  STA017       160.0000      0.0000      0.0000  P   40.00  99.000
     24     18  STA018       170.0000      0.0000      0.0000  P   50.00  99.000
     24     19  STA019       180.0000      0.0000      0.0000  P   60.00  99.000
     24     20  STA020       190.0000      0.0000      0.0000  P   70.00  99.000
     24     21  STA021       200.0000      0.0000      0.0000  P   80.00  99.000
     24     22  STA022       210.0000      0.0000      0.0000  P   90.00  99.000
     24     23  STA023       220.0000      0.0000      0.0000  P  100.00  99.000
     24     24  STA024       230.0000      0.0000      0.0000  P  110.00  99.000
     24     25  STA025       240.0000      0.0000      0.0000  P  120.00  99.000
        25 1998  4  9  8  8   8.800  125.0000      0.0000 -15.00  3.00   25       125
     25      1  STA001         0.0000      0.0000      0.0000  P  125.00  99.000
     25      2  STA002        10.0000      0.0000      0.0000  P  115.00  99.000
     25      3  STA003        20.0000      0.0000      0.0000  P  105.00  99.000
     25      4  STA004        30.0000      0.0000      0.0000  P   95.00  99.000
     25      5  STA005        40.0000      0.0000      0.0000  P   85.00  99.000
     25      6  STA006        50.0000      0.0000      0.0000  P   75.00  99.000
     25      7  STA007        60.0000      0.0000      0.0000  P   65.00  99.000
     25      8  STA008        70.0000      0.0000      0.0000  P   55.00  99.000
     25      9  STA009        80.0000      0.0000      0.0000  P   45.00  99.000
     25     10  STA010        90.0000      0.0000      0.0000  P   35.00  99.000
     25     11  STA011       100.0000      0.0000      0.0000  P   25.00  99.000
     25     12  STA012       110.0000      0.0000      0.0000  P   15.00  99.000
     25     13  STA013       120.0000      0.0000      0.0000  P    5.00  99.000
     25     14  STA014       130.0000      0.0000      0.0000  P    5.00  99.000
     25     15  STA015       140.0000      0.0000      0.0000  P   15.00  99.000
     25     16  STA016       150.0000      0.0000      0.0000  P   25.00  99.000
     25     17  STA017       160.0000      0.0000      0.0000  P   35.00  99.000
     25     18  STA018       170.0000      0.0000      0.0000  P   45.00  99.000
     25     19  STA019       180.0000      0.0000      0.0000  P   55.00  99.000
     25     20  STA020       190.0000      0.0000      0.0000  P   65.00  99.000
     25     21  STA021       200.0000      0.0000      0.0000  P   75.00  99.000
     25     22  STA022       210.0000      0.0000      0.0000  P   85.00  99.000
     25     23  STA023       220.0000      0.0000      0.0000  P   95.00  99.000
     25     24  STA024       230.0000      0.0000      0.0000  P  105.00  99.000
     25     25  STA025       240.0000      0.0000      0.0000  P  115.00  99.000
        26 1999  4  9  8  8   8.800  130.0000      0.0000 -15.00  3.00   25       126
     26      1  STA001         0.0000      0.0000      0.0000  P  130.00  99.000
     26      2  STA002        10.0000      0.0000      0.0000  P  120.00  99.000
     26      3  STA003        20.0000      0.0000      0.0000  P  110.00  99.000
     26      4  STA004        30.0000      0.0000      0.0000  P  100.00  99.000
     26      5  STA005        40.0000      0.0000      0.0000  P   90.00  99.000
     26      6  STA006        50.0000      0.0000      0.0000  P   80.00  99.000
     26      7  STA007        60.0000      0.0000      0.0000  P   70.00  99.000
     26      8  STA008        70.0000      0.0000      0.0000  P   60.00  99.000
     26      9  STA009        80.0000      0.0000      0.0000  P   50.00  99.000
     26     10  STA010        90.0000      0.0000      0.0000  P   40.00  99.000
     26     11  STA011       100.0000      0.0000      0.0000  P   30.00  99.000
     26     12  STA012       110.0000      0.0000      0.0000  P   20.00  99.000
     26     13  STA013       120.0000      0.0000      0.0000  P   10.00  99.000
     26     14  STA014       130.0000      0.0000      0.0000  P    0.00  99.000
     26     15  STA015       140.0000      0.0000      0.0000  P   10.00  99.000
     26     16  STA016       150.0000      0.0000      0.0000  P   20.00  99.000
     26     17  STA017       160.0000      0.0000      0.0000  P   30.00  99.000
     26     18  STA018       170.0000      0.0000      0.0000  P   40.00  99.000
     26     19  STA019       180.0000      0.0000      0.0000  P   50.00  99.000
     26     20  STA020       190.0000      0.0000      0.0000  P   60.00  99.000
     26     21  STA021       200.0000      0.0000      0.0000  P   70.00  99.000
     26     22  STA022       210.0000      0.0000      0.0000  P   80.00  99.000
     26     23  STA023       220.0000      0.0000      0.0000  P   90.00  99.000
     26     24  STA024       230.0000      0.0000      0.0000  P  100.00  99.000
     26     25  STA025       240.0000      0.0000      0.0000  P  110.00  99.000
        27 2000  4  9  8  8   8.800  135.0000      0.0000 -15.00  3.00   25       127
     27      1  STA001         0.0000      0.0000      0.0000  P  135.00  99.000
     27      2  STA002        10.0000      0.0000      0.0000  P  125.00  99.000
     27      3  STA003        20.0000      0.0000      0.0000  P  115.00  99.000
     27      4  STA004        30.0000      0.0000      0.0000  P  105.00  99.000
     27      5  STA005        40.0000      0.0000      0.0000  P   95.00  99.000
     27      6  STA006        50.0000      0.0000      0.0000  P   85.00  99.000
     27      7  STA007        60.0000      0.0000      0.0000  P   75.00  99.000
     27      8  STA008        70.0000      0.0000      0.0000  P   65.00  99.000
     27      9  STA009        80.0000      0.0000      0.0000  P   55.00  99.000
     27     10  STA010        90.0000      0.0000      0.0000  P   45.00  99.000
     27     11  STA011       100.0000      0.0000      0.0000  P   35.00  99.000
     27     12  STA012       110.0000      0.0000      0.0000  P   25.00  99.000
     27     13  STA013       120.0000      0.0000      0.0000  P   15.00  99.000
     27     14  STA014       130.0000      0.0000      0.0000  P    5.00  99.000
     27     15  STA015       140.0000      0.0000      0.0000  P    5.00  99.000
     27     16  STA016       150.0000      0.0000      0.0000  P   15.00  99.000
     27     17  STA017       160.0000      0.0000      0.0000  P   25.00  99.000
     27     18  STA018       170.0000      0.0000      0.0000  P   35.00  99.000
     27     19  STA019       180.0000      0.0000      0.0000  P   45.00  99.000
     27     20  STA020       190.0000      0.0000      0.0000  P   55.00  99.000
     27     21  STA021       200.0000      0.0000      0.0000  P   65.00  99.000
     27     22  STA022       210.0000      0.0000      0.0000  P   75.00  99.000
     27     23  STA023       220.0000      0.0000      0.0000  P   85.00  99.000
     27     24  STA024       230.0000      0.0000      0.0000  P   95.00  99.000
     27     25  STA025       240.0000      0.0000      0.0000  P  105.00  99.000
        28 2001  4  9  8  8   8.800  140.0000      0.0000 -15.00  3.00   25       128
     28      1  STA001         0.0000      0.0000      0.0000  P  140.00  99.000
     28      2  STA002        10.0000      0.0000      0.0000  P  130.00  99.000
     28      3  STA003        20.0000      0.0000      0.0000  P  120.00  99.000
     28      4  STA004        30.0000      0.0000      0.0000  P  110.00  99.000
     28      5  STA005        40.0000      0.0000      0.0000  P  100.00  99.000
     28      6  STA006        50.0000      0.0000      0.0000  P   90.00  99.000
     28      7  STA007        60.0000      0.0000      0.0000  P   80.00  99.000
     28      8  STA008        70.0000      0.0000      0.0000  P   70.00  99.000
     28      9  STA009        80.0000      0.0000      0.0000  P   60.00  99.000
     28     10  STA010        90.0000      0.0000      0.0000  P   50.00  99.000
     28     11  STA011       100.0000      0.0000      0.0000  P   40.00  99.000
     28     12  STA012       110.0000      0.0000      0.0000  P   30.00  99.000
     28     13  STA013       120.0000      0.0000      0.0000  P   20.00  99.000
     28     14  STA014       130.0000      0.0000      0.0000  P   10.00  99.000
     28     15  STA015       140.0000      0.0000      0.0000  P    0.00  99.000
     28     16  STA016       150.0000      0.0000      0.0000  P   10.00  99.000
     28     17  STA017       160.0000      0.0000      0.0000  P   20.00  99.000
     28     18  STA018       170.0000      0.0000      0.0000  P   30.00  99.000
     28     19  STA019       180.0000      0.0000      0.0000  P   40.00  99.000
     28     20  STA020       190.0000      0.0000      0.0000  P   50.00  99.000
     28     21  STA021       200.0000      0.0000      0.0000  P   60.00  99.000
     28     22  STA022       210.0000      0.0000      0.0000  P   70.00  99.000
     28     23  STA023       220.0000      0.0000      0.0000  P   80.00  99.000
     28     24  STA024       230.0000      0.0000      0.0000  P   90.00  99.000
     28     25  STA025       240.0000      0.0000      0.0000  P  100.00  99.000
        29 2002  4  9  8  8   8.800  145.0000      0.0000 -15.00  3.00   25       129
     29      1  STA001         0.0000      0.0000      0.0000  P  145.00  99.000
     29      2  STA002        10.0000      0.0000      0.0000  P  135.00  99.000
     29      3  STA003        20.0000      0.0000      0.0000  P  125.00  99.000
     29      4  STA004        30.0000      0.0000      0.0000  P  115.00  99.000
     29      5  STA005        40.0000      0.0000      0.0000  P  105.00  99.000
     29      6  STA006        50.0000      0.0000      0.0000  P   95.00  99.000
     29      7  STA007        60.0000      0.0000      0.0000  P   85.00  99.000
     29      8  STA008        70.0000      0.0000      0.0000  P   75.00  99.000
     29      9  STA009        80.0000      0.0000      0.0000  P   65.00  99.000
     29     10  STA010        90.0000      0.0000      0.0000  P   55.00  99.000
     29     11  STA011       100.0000      0.0000      0.0000  P   45.00  99.000
     29     12  STA012       110.0000      0.0000      0.0000  P   35.00  99.000
     29     13  STA013       120.0000      0.0000      0.0000  P   25.00  99.000
     29     14  STA014       130.0000      0.0000      0.0000  P   15.00  99.000
     29     15  STA015       140.0000      0.0000      0.0000  P    5.00  99.000
     29     16  STA016       150.0000      0.0000      0.0000  P    5.00  99.000
     29     17  STA017       160.0000      0.0000      0.0000  P   15.00  99.000
     29     18  STA018       170.0000      0.0000      0.0000  P   25.00  99.000
     29     19  STA019       180.0000      0.0000      0.0000  P   35.00  99.000
     29     20  STA020       190.0000      0.0000      0.0000  P   45.00  99.000
     29     21  STA021       200.0000      0.0000      0.0000  P   55.00  99.000
     29     22  STA022       210.0000      0.0000      0.0000  P   65.00  99.000
     29     23  STA023       220.0000      0.0000      0.0000  P   75.00  99.000
     29     24  STA024       230.0000      0.0000      0.0000  P   85.00  99.000
     29     25  STA025       240.0000      0.0000      0.0000  P   95.00  99.000
        30 2003  4  9  8  8   8.800  150.0000      0.0000 -15.00  3.00   25       130
     30      1  STA001         0.0000      0.0000      0.0000  P  150.00  99.000
     30      2  STA002        10.0000      0.0000      0.0000  P  140.00  99.000
     30      3  STA003        20.0000      0.0000      0.0000  P  130.00  99.000
     30      4  STA004        30.0000      0.0000      0.0000  P  120.00  99.000
     30      5  STA005        40.0000      0.0000      0.0000  P  110.00  99.000
     30      6  STA006        50.0000      0.0000      0.0000  P  100.00  99.000
     30      7  STA007        60.0000      0.0000      0.0000  P   90.00  99.000
     30      8  STA008        70.0000      0.0000      0.0000  P   80.00  99.000
     30      9  STA009        80.0000      0.0000      0.0000  P   70.00  99.000
     30     10  STA010        90.0000      0.0000      0.0000  P   60.00  99.000
     30     11  STA011       100.0000      0.0000      0.0000  P   50.00  99.000
     30     12  STA012       110.0000      0.0000      0.0000  P   40.00  99.000
     30     13  STA013       120.0000      0.0000      0.0000  P   30.00  99.000
     30     14  STA014       130.0000      0.0000      0.0000  P   20.00  99.000
     30     15  STA015       140.0000      0.0000      0.0000  P   10.00  99.000
     30     16  STA016       150.0000      0.0000      0.0000  P    0.00  99.000
     30     17  STA017       160.0000      0.0000      0.0000  P   10.00  99.000
     30     18  STA018       170.0000      0.0000      0.0000  P   20.00  99.000
     30     19  STA019       180.0000      0.0000      0.0000  P   30.00  99.000
     30     20  STA020       190.0000      0.0000      0.0000  P   40.00  99.000
     30     21  STA021       200.0000      0.0000      0.0000  P   50.00  99.000
     30     22  STA022       210.0000      0.0000      0.0000  P   60.00  99.000
     30     23  STA023       220.0000      0.0000      0.0000  P   70.00  99.000
     30     24  STA024       230.0000      0.0000      0.0000  P   80.00  99.000
     30     25  STA025       240.0000      0.0000      0.0000  P   90.00  99.000
        31 2004  4  9  8  8   8.800  155.0000      0.0000 -15.00  3.00   25       131
     31      1  STA001         0.0000      0.0000      0.0000  P  155.00  99.000
     31      2  STA002        10.0000      0.0000      0.0000  P  145.00  99.000
     31      3  STA003        20.0000      0.0000      0.0000  P  135.00  99.000
     31      4  STA004        30.0000      0.0000      0.0000  P  125.00  99.000
     31      5  STA005        40.0000      0.0000      0.0000  P  115.00  99.000
     31      6  STA006        50.0000      0.0000      0.0000  P  105.00  99.000
     31      7  STA007        60.0000      0.0000      0.0000  P   95.00  99.000
     31      8  STA008        70.0000      0.0000      0.0000  P   85.00  99.000
     31      9  STA009        80.0000      0.0000      0.0000  P   75.00  99.000
     31     10  STA010        90.0000      0.0000      0.0000  P   65.00  99.000
     31     11  STA011       100.0000      0.0000      0.0000  P   55.00  99.000
     31     12  STA012       110.0000      0.0000      0.0000  P   45.00  99.000
     31     13  STA013       120.0000      0.0000      0.0000  P   35.00  99.000
     31     14  STA014       130.0000      0.0000      0.0000  P   25.00  99.000
     31     15  STA015       140.0000      0.0000      0.0000  P   15.00  99.000
     31     16  STA016       150.0000      0.0000      0.0000  P    5.00  99.000
     31     17  STA017       160.0000      0.0000      0.0000  P    5.00  99.000
     31     18  STA018       170.0000      0.0000      0.0000  P   15.00  99.000
     31     19  STA019       180.0000      0.0000      0.0000  P   25.00  99.000
     31     20  STA020       190.0000      0.0000      0.0000  P   35.00  99.000
     31     21  STA021       200.0000      0.0000      0.0000  P   45.00  99.000
     31     22  STA022       210.0000      0.0000      0.0000  P   55.00  99.000
     31     23  STA023       220.0000      0.0000      0.0000  P   65.00  99.000
     31     24  STA024       230.0000      0.0000      0.0000  P   75.00  99.000
     31     25  STA025       240.0000      0.0000      0.0000  P   85.00  99.000
        32 2005  4  9  8  8   8.800  160.0000      0.0000 -15.00  3.00   25       132
     32      1  STA001         0.0000      0.0000      0.0000  P  160.00  99.000
     32      2  STA002        10.0000      0.0000      0.0000  P  150.00  99.000
     32      3  STA003        20.0000      0.0000      0.0000  P  140.00  99.000
     32      4  STA004        30.0000      0.0000      0.0000  P  130.00  99.000
     32      5  STA005        40.0000      0.0000      0.0000  P  120.00  99.000
     32      6  STA006        50.0000      0.0000      0.0000  P  110.00  99.000
     32      7  STA007        60.0000      0.0000      0.0000  P  100.00  99.000
     32      8  STA008        70.0000      0.0000      0.0000  P   90.00  99.000
     32      9  STA009        80.0000      0.0000      0.0000  P   80.00  99.000
     32     10  STA010        90.0000      0.0000      0.0000  P   70.00  99.000
     32     11  STA011       100.0000      0.0000      0.0000  P   60.00  99.000
     32     12  STA012       110.0000      0.0000      0.0000  P   50.00  99.000
     32     13  STA013       120.0000      0.0000      0.0000  P   40.00  99.000
     32     14  STA014       130.0000      0.0000      0.0000  P   30.00  99.000
     32     15  STA015       140.0000      0.0000      0.0000  P   20.00  99.000
     32     16  STA016       150.0000      0.0000      0.0000  P   10.00  99.000
     32     17  STA017       160.0000      0.0000      0.0000  P    0.00  99.000
     32     18  STA018       170.0000      0.0000      0.0000  P   10.00  99.000
     32     19  STA019       180.0000      0.0000      0.0000  P   20.00  99.000
     32     20  STA020       190.0000      0.0000      0.0000  P   30.00  99.000
     32     21  STA021       200.0000      0.0000      0.0000  P   40.00  99.000
     32     22  STA022       210.0000      0.0000      0.0000  P   50.00  99.000
     32     23  STA023       220.0000      0.0000      0.0000  P   60.00  99.000
     32     24  STA024       230.0000      0.0000      0.0000  P   70.00  99.000
     32     25  STA025       240.0000      0.0000      0.0000  P   80.00  99.000
        33 2006  4  9  8  8   8.800  165.0000      0.0000 -15.00  3.00   25       133
     33      1  STA001         0.0000      0.0000      0.0000  P  165.00  99.000
     33      2  STA002        10.0000      0.0000      0.0000  P  155.00  99.000
     33      3  STA003        20.0000      0.0000      0.0000  P  145.00  99.000
     33      4  STA004        30.0000      0.0000      0.0000  P  135.00  99.000
     33      5  STA005        40.0000      0.0000      0.0000  P  125.00  99.000
     33      6  STA006        50.0000      0.0000      0.0000  P  115.00  99.000
     33      7  STA007        60.0000      0.0000      0.0000  P  105.00  99.000
     33      8  STA008        70.0000      0.0000      0.0000  P   95.00  99.000
     33      9  STA009        80.0000      0.0000      0.0000  P   85.00  99.000
     33     10  STA010        90.0000      0.0000      0.0000  P   75.00  99.000
     33     11  STA011       100.0000      0.0000      0.0000  P   65.00  99.000
     33     12  STA012       110.0000      0.0000      0.0000  P   55.00  99.000
     33     13  STA013       120.0000      0.0000      0.0000  P   45.00  99.000
     33     14  STA014       130.0000      0.0000      0.0000  P   35.00  99.000
     33     15  STA015       140.0000      0.0000      0.0000  P   25.00  99.000
     33     16  STA016       150.0000      0.0000      0.0000  P   15.00  99.000
     33     17  STA017       160.0000      0.0000      0.0000  P    5.00  99.000
     33     18  STA018       170.0000      0.0000      0.0000  P    5.00  99.000
     33     19  STA019       180.0000      0.0000      0.0000  P   15.00  99.000
     33     20  STA020       190.0000      0.0000      0.0000  P   25.00  99.000
     33     21  STA021       200.0000      0.0000      0.0000  P   35.00  99.000
     33     22  STA022       210.0000      0.0000      0.0000  P   45.00  99.000
     33     23  STA023       220.0000      0.0000      0.0000  P   55.00  99.000
     33     24  STA024       230.0000      0.0000      0.0000  P   65.00  99.000
     33     25  STA025       240.0000      0.0000      0.0000  P   75.00  99.000
        34 2007  4  9  8  8   8.800  170.0000      0.0000 -15.00  3.00   25       134
     34      1  STA001         0.0000      0.0000      0.0000  P  170.00  99.000
     34      2  STA002        10.0000      0.0000      0.0000  P  160.00  99.000
     34      3  STA003        20.0000      0.0000      0.0000  P  150.00  99.000
     34      4  STA004        30.0000      0.0000      0.0000  P  140.00  99.000
     34      5  STA005        40.0000      0.0000      0.0000  P  130.00  99.000
     34      6  STA006        50.0000      0.0000      0.0000  P  120.00  99.000
     34      7  STA007        60.0000      0.0000      0.0000  P  110.00  99.000
     34      8  STA008        70.0000      0.0000      0.0000  P  100.00  99.000
     34      9  STA009        80.0000      0.0000      0.0000  P   90.00  99.000
     34     10  STA010        90.0000      0.0000      0.0000  P   80.00  99.000
     34     11  STA011       100.0000      0.0000      0.0000  P   70.00  99.000
     34     12  STA012       110.0000      0.0000      0.0000  P   60.00  99.000
     34     13  STA013       120.0000      0.0000      0.0000  P   50.00  99.000
     34     14  STA014       130.0000      0.0000      0.0000  P   40.00  99.000
     34     15  STA015       140.0000      0.0000      0.0000  P   30.00  99.000
     34     16  STA016       150.0000      0.0000      0.0000  P   20.00  99.000
     34     17  STA017       160.0000      0.0000      0.0000  P   10.00  99.000
     34     18  STA018       170.0000      0.0000      0.0000  P    0.00  99.000
     34     19  STA019       180.0000      0.0000      0.0000  P   10.00  99.000
     34     20  STA020       190.0000      0.0000      0.0000  P   20.00  99.000
     34     21  STA021       200.0000      0.0000      0.0000  P   30.00  99.000
     34     22  STA022       210.0000      0.0000      0.0000  P   40.00  99.000
     34     23  STA023       220.0000      0.0000      0.0000  P   50.00  99.000
     34     24  STA024       230.0000      0.0000      0.0000  P   60.00  99.000
     34     25  STA025       240.0000      0.0000      0.0000  P   70.00  99.000
        35 2008  4  9  8  8   8.800  175.0000      0.0000 -15.00  3.00   25       135
     35      1  STA001         0.0000      0.0000      0.0000  P  175.00  99.000
     35      2  STA002        10.0000      0.0000      0.0000  P  165.00  99.000
     35      3  STA003        20.0000      0.0000      0.0000  P  155.00  99.000
     35      4  STA004        30.0000      0.0000      0.0000  P  145.00  99.000
     35      5  STA005        40.0000      0.0000      0.0000  P  135.00  99.000
     35      6  STA006        50.0000      0.0000      0.0000  P  125.00  99.000
     35      7  STA007        60.0000      0.0000      0.0000  P  115.00  99.000
     35      8  STA008        70.0000      0.0000      0.0000  P  105.00  99.000
     35      9  STA009        80.0000      0.0000      0.0000  P   95.00  99.000
     35     10  STA010        90.0000      0.0000      0.0000  P   85.00  99.000
     35     11  STA011       100.0000      0.0000      0.0000  P   75.00  99.000
     35     12  STA012       110.0000      0.0000      0.0000  P   65.00  99.000
     35     13  STA013       120.0000      0.0000      0.0000  P   55.00  99.000
     35     14  STA014       130.0000      0.0000      0.0000  P   45.00  99.000
     35     15  STA015       140.0000      0.0000      0.0000  P   35.00  99.000
     35     16  STA016       150.0000      0.0000      0.0000  P   25.00  99.000
     35     17  STA017       160.0000      0.0000      0.0000  P   15.00  99.000
     35     18  STA018       170.0000      0.0000      0.0000  P    5.00  99.000
     35     19  STA019       180.0000      0.0000      0.0000  P    5.00  99.000
     35     20  STA020       190.0000      0.0000      0.0000  P   15.00  99.000
     35     21  STA021       200.0000      0.0000      0.0000  P   25.00  99.000
     35     22  STA022       210.0000      0.0000      0.0000  P   35.00  99.000
     35     23  STA023       220.0000      0.0000      0.0000  P   45.00  99.000
     35     24  STA024       230.0000      0.0000      0.0000  P   55.00  99.000
     35     25  STA025       240.0000      0.0000      0.0000  P   65.00  99.000
        36 2009  4  9  8  8   8.800  180.0000      0.0000 -15.00  3.00   25       136
     36      1  STA001         0.0000      0.0000      0.0000  P  180.00  99.000
     36      2  STA002        10.0000      0.0000      0.0000  P  170.00  99.000
     36      3  STA003        20.0000      0.0000      0.0000  P  160.00  99.000
     36      4  STA004        30.0000      0.0000      0.0000  P  150.00  99.000
     36      5  STA005        40.0000      0.0000      0.0000  P  140.00  99.000
     36      6  STA006        50.0000      0.0000      0.0000  P  130.00  99.000
     36      7  STA007        60.0000      0.0000      0.0000  P  120.00  99.000
     36      8  STA008        70.0000      0.0000      0.0000  P  110.00  99.000
     36      9  STA009        80.0000      0.0000      0.0000  P  100.00  99.000
     36     10  STA010        90.0000      0.0000      0.0000  P   90.00  99.000
     36     11  STA011       100.0000      0.0000      0.0000  P   80.00  99.000
     36     12  STA012       110.0000      0.0000      0.0000  P   70.00  99.000
     36     13  STA013       120.0000      0.0000      0.0000  P   60.00  99.000
     36     14  STA014       130.0000      0.0000      0.0000  P   50.00  99.000
     36     15  STA015       140.0000      0.0000      0.0000  P   40.00  99.000
     36     16  STA016       150.0000      0.0000      0.0000  P   30.00  99.000
     36     17  STA017       160.0000      0.0000      0.0000  P   20.00  99.000
     36     18  STA018       170.0000      0.0000      0.0000  P   10.00  99.000
     36     19  STA019       180.0000      0.0000      0.0000  P    0.00  99.000
     36     20  STA020       190.0000      0.0000      0.0000  P   10.00  99.000
     36     21  STA021       200.0000      0.0000      0.0000  P   20.00  99.000
     36     22  STA022       210.0000      0.0000      0.0000  P   30.00  99.000
     36     23  STA023       220.0000      0.0000      0.0000  P   40.00  99.000
     36     24  STA024       230.0000      0.0000      0.0000  P   50.00  99.000
     36     25  STA025       240.0000      0.0000      0.0000  P   60.00  99.000
        37 2010  4  9  8  8   8.800  185.0000      0.0000 -15.00  3.00   25       137
     37      1  STA001         0.0000      0.0000      0.0000  P  185.00  99.000
     37      2  STA002        10.0000      0.0000      0.0000  P  175.00  99.000
     37      3  STA003        20.0000      0.0000      0.0000  P  165.00  99.000
     37      4  STA004        30.0000      0.0000      0.0000  P  155.00  99.000
     37      5  STA005        40.0000      0.0000      0.0000  P  145.00  99.000
     37      6  STA006        50.0000      0.0000      0.0000  P  135.00  99.000
     37      7  STA007        60.0000      0.0000      0.0000  P  125.00  99.000
     37      8  STA008        70.0000      0.0000      0.0000  P  115.00  99.000
     37      9  STA009        80.0000      0.0000      0.0000  P  105.00  99.000
     37     10  STA010        90.0000      0.0000      0.0000  P   95.00  99.000
     37     11  STA011       100.0000      0.0000      0.0000  P   85.00  99.000
     37     12  STA012       110.0000      0.0000      0.0000  P   75.00  99.000
     37     13  STA013       120.0000      0.0000      0.0000  P   65.00  99.000
     37     14  STA014       130.0000      0.0000      0.0000  P   55.00  99.000
     37     15  STA015       140.0000      0.0000      0.0000  P   45.00  99.000
     37     16  STA016       150.0000      0.0000      0.0000  P   35.00  99.000
     37     17  STA017       160.0000      0.0000      0.0000  P   25.00  99.000
     37     18  STA018       170.0000      0.0000      0.0000  P   15.00  99.000
     37     19  STA019       180.0000      0.0000      0.0000  P    5.00  99.000
     37     20  STA020       190.0000      0.0000      0.0000  P    5.00  99.000
     37     21  STA021       200.0000      0.0000      0.0000  P   15.00  99.000
     37     22  STA022       210.0000      0.0000      0.0000  P   25.00  99.000
     37     23  STA023       220.0000      0.0000      0.0000  P   35.00  99.000
     37     24  STA024       230.0000      0.0000      0.0000  P   45.00  99.000
     37     25  STA025       240.0000      0.0000      0.0000  P   55.00  99.000
        38 2011  4  9  8  8   8.800  190.0000      0.0000 -15.00  3.00   25       138
     38      1  STA001         0.0000      0.0000      0.0000  P  190.00  99.000
     38      2  STA002        10.0000      0.0000      0.0000  P  180.00  99.000
     38      3  STA003        20.0000      0.0000      0.0000  P  170.00  99.000
     38      4  STA004        30.0000      0.0000      0.0000  P  160.00  99.000
     38      5  STA005        40.0000      0.0000      0.0000  P  150.00  99.000
     38      6  STA006        50.0000      0.0000      0.0000  P  140.00  99.000
     38      7  STA007        60.0000      0.0000      0.0000  P  130.00  99.000
     38      8  STA008        70.0000      0.0000      0.0000  P  120.00  99.000
     38      9  STA009        80.0000      0.0000      0.0000  P  110.00  99.000
     38     10  STA010        90.0000      0.0000      0.0000  P  100.00  99.000
     38     11  STA011       100.0000      0.0000      0.0000  P   90.00  99.000
     38     12  STA012       110.0000      0.0000      0.0000  P   80.00  99.000
     38     13  STA013       120.0000      0.0000      0.0000  P   70.00  99.000
     38     14  STA014       130.0000      0.0000      0.0000  P   60.00  99.000
     38     15  STA015       140.0000      0.0000      0.0000  P   50.00  99.000
     38     16  STA016       150.0000      0.0000      0.0000  P   40.00  99.000
     38     17  STA017       160.0000      0.0000      0.0000  P   30.00  99.000
     38     18  STA018       170.0000      0.0000      0.0000  P   20.00  99.000
     38     19  STA019       180.0000      0.0000      0.0000  P   10.00  99.000
     38     20  STA020       190.0000      0.0000      0.0000  P    0.00  99.000
     38     21  STA021       200.0000      0.0000      0.0000  P   10.00  99.000
     38     22  STA022       210.0000      0.0000      0.0000  P   20.00  99.000
     38     23  STA023       220.0000      0.0000      0.0000  P   30.00  99.000
     38     24  STA024       230.0000      0.0000      0.0000  P   40.00  99.000
     38     25  STA025       240.0000      0.0000      0.0000  P   50.00  99.000
        39 2012  4  9  8  8   8.800  195.0000      0.0000 -15.00  3.00   25       139
     39      1  STA001         0.0000      0.0000      0.0000  P  195.00  99.000
     39      2  STA002        10.0000      0.0000      0.0000  P  185.00  99.000
     39      3  STA003        20.0000      0.0000      0.0000  P  175.00  99.000
     39      4  STA004        30.0000      0.0000      0.0000  P  165.00  99.000
     39      5  STA005        40.0000      0.0000      0.0000  P  155.00  99.000
     39      6  STA006        50.0000      0.0000      0.0000  P  145.00  99.000
     39      7  STA007        60.0000      0.0000      0.0000  P  135.00  99.000
     39      8  STA008        70.0000      0.0000      0.0000  P  125.00  99.000
     39      9  STA009        80.0000      0.0000      0.0000  P  115.00  99.000
     39     10  STA010        90.0000      0.0000      0.0000  P  105.00  99.000
     39     11  STA011       100.0000      0.0000      0.0000  P   95.00  99.000
     39     12  STA012       110.0000      0.0000      0.0000  P   85.00  99.000
     39     13  STA013       120.0000      0.0000      0.0000  P   75.00  99.000
     39     14  STA014       130.0000      0.0000      0.0000  P   65.00  99.000
     39     15  STA015       140.0000      0.0000      0.0000  P   55.00  99.000
     39     16  STA016       150.0000      0.0000      0.0000  P   45.00  99.000
     39     17  STA017       160.0000      0.0000      0.0000  P   35.00  99.000
     39     18  STA018       170.0000      0.0000      0.0000  P   25.00  99.000
     39     19  STA019       180.0000      0.0000      0.0000  P   15.00  99.000
     39     20  STA020       190.0000      0.0000      0.0000  P    5.00  99.000
     39     21  STA021       200.0000      0.0000      0.0000  P    5.00  99.000
     39     22  STA022       210.0000      0.0000      0.0000  P   15.00  99.000
     39     23  STA023       220.0000      0.0000      0.0000  P   25.00  99.000
     39     24  STA024       230.0000      0.0000      0.0000  P   35.00  99.000
     39     25  STA025       240.0000      0.0000      0.0000  P   45.00  99.000
        40 2013  4  9  8  8   8.800  200.0000      0.0000 -15.00  3.00   25       140
     40      1  STA001         0.0000      0.0000      0.0000  P  200.00  99.000
     40      2  STA002        10.0000      0.0000      0.0000  P  190.00  99.000
     40      3  STA003        20.0000      0.0000      0.0000  P  180.00  99.000
     40      4  STA004        30.0000      0.0000      0.0000  P  170.00  99.000
     40      5  STA005        40.0000      0.0000      0.0000  P  160.00  99.000
     40      6  STA006        50.0000      0.0000      0.0000  P  150.00  99.000
     40      7  STA007        60.0000      0.0000      0.0000  P  140.00  99.000
     40      8  STA008        70.0000      0.0000      0.0000  P  130.00  99.000
     40      9  STA009        80.0000      0.0000      0.0000  P  120.00  99.000
     40     10  STA010        90.0000      0.0000      0.0000  P  110.00  99.000
     40     11  STA011       100.0000      0.0000      0.0000  P  100.00  99.000
     40     12  STA012       110.0000      0.0000      0.0000  P   90.00  99.000
     40     13  STA013       120.0000      0.0000      0.0000  P   80.00  99.000
     40     14  STA014       130.0000      0.0000      0.0000  P   70.00  99.000
     40     15  STA015       140.0000      0.0000      0.0000  P   60.00  99.000
     40     16  STA016       150.0000      0.0000      0.0000  P   50.00  99.000
     40     17  STA017       160.0000      0.0000      0.0000  P   40.00  99.000
     40     18  STA018       170.0000      0.0000      0.0000  P   30.00  99.000
     40     19  STA019       180.0000      0.0000      0.0000  P   20.00  99.000
     40     20  STA020       190.0000      0.0000      0.0000  P   10.00  99.000
     40     21  STA021       200.0000      0.0000      0.0000  P    0.00  99.000
     40     22  STA022       210.0000      0.0000      0.0000  P   10.00  99.000
     40     23  STA023       220.0000      0.0000      0.0000  P   20.00  99.000
     40     24  STA024       230.0000      0.0000      0.0000  P   30.00  99.000
     40     25  STA025       240.0000      0.0000      0.0000  P   40.00  99.000
        41 2014  4  9  8  8   8.800  205.0000      0.0000 -15.00  3.00   25       141
     41      1  STA001         0.0000      0.0000      0.0000  P  205.00  99.000
     41      2  STA002        10.0000      0.0000      0.0000  P  195.00  99.000
     41      3  STA003        20.0000      0.0000      0.0000  P  185.00  99.000
     41      4  STA004        30.0000      0.0000      0.0000  P  175.00  99.000
     41      5  STA005        40.0000      0.0000      0.0000  P  165.00  99.000
     41      6  STA006        50.0000      0.0000      0.0000  P  155.00  99.000
     41      7  STA007        60.0000      0.0000      0.0000  P  145.00  99.000
     41      8  STA008        70.0000      0.0000      0.0000  P  135.00  99.000
     41      9  STA009        80.0000      0.0000      0.0000  P  125.00  99.000
     41     10  STA010        90.0000      0.0000      0.0000  P  115.00  99.000
     41     11  STA011       100.0000      0.0000      0.0000  P  105.00  99.000
     41     12  STA012       110.0000      0.0000      0.0000  P   95.00  99.000
     41     13  STA013       120.0000      0.0000      0.0000  P   85.00  99.000
     41     14  STA014       130.0000      0.0000      0.0000  P   75.00  99.000
     41     15  STA015       140.0000      0.0000      0.0000  P   65.00  99.000
     41     16  STA016       150.0000      0.0000      0.0000  P   55.00  99.000
     41     17  STA017       160.0000      0.0000      0.0000  P   45.00  99.000
     41     18  STA018       170.0000      0.0000      0.0000  P   35.00  99.000
     41     19  STA019       180.0000      0.0000      0.0000  P   25.00  99.000
     41     20  STA020       190.0000      0.0000      0.0000  P   15.00  99.000
     41     21  STA021       200.0000      0.0000      0.0000  P    5.00  99.000
     41     22  STA022       210.0000      0.0000      0.0000  P    5.00  99.000
     41     23  STA023       220.0000      0.0000      0.0000  P   15.00  99.000
     41     24  STA024       230.0000      0.0000      0.0000  P   25.00  99.000
     41     25  STA025       240.0000      0.0000      0.0000  P   35.00  99.000
        42 2015  4  9  8  8   8.800  210.0000      0.0000 -15.00  3.00   25       142
     42      1  STA001         0.0000      0.0000      0.0000  P  210.00  99.000
     42      2  STA002        10.0000      0.0000      0.0000  P  200.00  99.000
     42      3  STA003        20.0000      0.0000      0.0000  P  190.00  99.000
     42      4  STA004        30.0000      0.0000      0.0000  P  180.00  99.000
     42      5  STA005        40.0000      0.0000      0.0000  P  170.00  99.000
     42      6  STA006        50.0000      0.0000      0.0000  P  160.00  99.000
     42      7  STA007        60.0000      0.0000      0.0000  P  150.00  99.000
     42      8  STA008        70.0000      0.0000      0.0000  P  140.00  99.000
     42      9  STA009        80.0000      0.0000      0.0000  P  130.00  99.000
     42     10  STA010        90.0000      0.0000      0.0000  P  120.00  99.000
     42     11  STA011       100.0000      0.0000      0.0000  P  110.00  99.000
     42     12  STA012       110.0000      0.0000      0.0000  P  100.00  99.000
     42     13  STA013       120.0000      0.0000      0.0000  P   90.00  99.000
     42     14  STA014       130.0000      0.0000      0.0000  P   80.00  99.000
     42     15  STA015       140.0000      0.0000      0.0000  P   70.00  99.000
     42     16  STA016       150.0000      0.0000      0.0000  P   60.00  99.000
     42     17  STA017       160.0000      0.0000      0.0000  P   50.00  99.000
     42     18  STA018       170.0000      0.0000      0.0000  P   40.00  99.000
     42     19  STA019       180.0000      0.0000      0.0000  P   30.00  99.000
     42     20  STA020       190.0000      0.0000      0.0000  P   20.00  99.000
     42     21  STA021       200.0000      0.0000      0.0000  P   10.00  99.000
     42     22  STA022       210.0000      0.0000      0.0000  P    0.00  99.000
     42     23  STA023       220.0000      0.0000      0.0000  P   10.00  99.000
     42     24  STA024       230.0000      0.0000      0.0000  P   20.00  99.000
     42     25  STA025       240.0000      0.0000      0.0000  P   30.00  99.000
        43 2016  4  9  8  8   8.800  215.0000      0.0000 -15.00  3.00   25       143
     43      1  STA001         0.0000      0.0000      0.0000  P  215.00  99.000
     43      2  STA002        10.0000      0.0000      0.0000  P  205.00  99.000
     43      3  STA003        20.0000      0.0000      0.0000  P  195.00  99.000
     43      4  STA004        30.0000      0.0000      0.0000  P  185.00  99.000
     43      5  STA005        40.0000      0.0000      0.0000  P  175.00  99.000
     43      6  STA006        50.0000      0.0000      0.0000  P  165.00  99.000
     43      7  STA007        60.0000      0.0000      0.0000  P  155.00  99.000
     43      8  STA008        70.0000      0.0000      0.0000  P  145.00  99.000
     43      9  STA009        80.0000      0.0000      0.0000  P  135.00  99.000
     43     10  STA010        90.0000      0.0000      0.0000  P  125.00  99.000
     43     11  STA011       100.0000      0.0000      0.0000  P  115.00  99.000
     43     12  STA012       110.0000      0.0000      0.0000  P  105.00  99.000
     43     13  STA013       120.0000      0.0000      0.0000  P   95.00  99.000
     43     14  STA014       130.0000      0.0000      0.0000  P   85.00  99.000
     43     15  STA015       140.0000      0.0000      0.0000  P   75.00  99.000
     43     16  STA016       150.0000      0.0000      0.0000  P   65.00  99.000
     43     17  STA017       160.0000      0.0000      0.0000  P   55.00  99.000
     43     18  STA018       170.0000      0.0000      0.0000  P   45.00  99.000
     43     19  STA019       180.0000      0.0000      0.0000  P   35.00  99.000
     43     20  STA020       190.0000      0.0000      0.0000  P   25.00  99.000
     43     21  STA021       200.0000      0.0000      0.0000  P   15.00  99.000
     43     22  STA022       210.0000      0.0000      0.0000  P    5.00  99.000
     43     23  STA023       220.0000      0.0000      0.0000  P    5.00  99.000
     43     24  STA024       230.0000      0.0000      0.0000  P   15.00  99.000
     43     25  STA025       240.0000      0.0000      0.0000  P   25.00  99.000
        44 2017  4  9  8  8   8.800  220.0000      0.0000 -15.00  3.00   25       144
     44      1  STA001         0.0000      0.0000      0.0000  P  220.00  99.000
     44      2  STA002        10.0000      0.0000      0.0000  P  210.00  99.000
     44      3  STA003        20.0000      0.0000      0.0000  P  200.00  99.000
     44      4  STA004        30.0000      0.0000      0.0000  P  190.00  99.000
     44      5  STA005        40.0000      0.0000      0.0000  P  180.00  99.000
     44      6  STA006        50.0000      0.0000      0.0000  P  170.00  99.000
     44      7  STA007        60.0000      0.0000      0.0000  P  160.00  99.000
     44      8  STA008        70.0000      0.0000      0.0000  P  150.00  99.000
     44      9  STA009        80.0000      0.0000      0.0000  P  140.00  99.000
     44     10  STA010        90.0000      0.0000      0.0000  P  130.00  99.000
     44     11  STA011       100.0000      0.0000      0.0000  P  120.00  99.000
     44     12  STA012       110.0000      0.0000      0.0000  P  110.00  99.000
     44     13  STA013       120.0000      0.0000      0.0000  P  100.00  99.000
     44     14  STA014       130.0000      0.0000      0.0000  P   90.00  99.000
     44     15  STA015       140.0000      0.0000      0.0000  P   80.00  99.000
     44     16  STA016       150.0000      0.0000      0.0000  P   70.00  99.000
     44     17  STA017       160.0000      0.0000      0.0000  P   60.00  99.000
     44     18  STA018       170.0000      0.0000      0.0000  P   50.00  99.000
     44     19  STA019       180.0000      0.0000      0.0000  P   40.00  99.000
     44     20  STA020       190.0000      0.0000      0.0000  P   30.00  99.000
     44     21  STA021       200.0000      0.0000      0.0000  P   20.00  99.000
     44     22  STA022       210.0000      0.0000      0.0000  P   10.00  99.000
     44     23  STA023       220.0000      0.0000      0.0000  P    0.00  99.000
     44     24  STA024       230.0000      0.0000      0.0000  P   10.00  99.000
     44     25  STA025       240.0000      0.0000      0.0000  P   20.00  99.000
        45 2018  4  9  8  8   8.800  225.0000      0.0000 -15.00  3.00   25       145
     45      1  STA001         0.0000      0.0000      0.0000  P  225.00  99.000
     45      2  STA002        10.0000      0.0000      0.0000  P  215.00  99.000
     45      3  STA003        20.0000      0.0000      0.0000  P  205.00  99.000
     45      4  STA004        30.0000      0.0000      0.0000  P  195.00  99.000
     45      5  STA005        40.0000      0.0000      0.0000  P  185.00  99.000
     45      6  STA006        50.0000      0.0000      0.0000  P  175.00  99.000
     45      7  STA007        60.0000      0.0000      0.0000  P  165.00  99.000
     45      8  STA008        70.0000      0.0000      0.0000  P  155.00  99.000
     45      9  STA009        80.0000      0.0000      0.0000  P  145.00  99.000
     45     10  STA010        90.0000      0.0000      0.0000  P  135.00  99.000
     45     11  STA011       100.0000      0.0000      0.0000  P  125.00  99.000
     45     12  STA012       110.0000      0.0000      0.0000  P  115.00  99.000
     45     13  STA013       120.0000      0.0000      0.0000  P  105.00  99.000
     45     14  STA014       130.0000      0.0000      0.0000  P   95.00  99.000
     45     15  STA015       140.0000      0.0000      0.0000  P   85.00  99.000
     45     16  STA016       150.0000      0.0000      0.0000  P   75.00  99.000
     45     17  STA017       160.0000      0.0000      0.0000  P   65.00  99.000
     45     18  STA018       170.0000      0.0000      0.0000  P   55.00  99.000
     45     19  STA019       180.0000      0.0000      0.0000  P   45.00  99.000
     45     20  STA020       190.0000      0.0000      0.0000  P   35.00  99.000
     45     21  STA021       200.0000      0.0000      0.0000  P   25.00  99.000
     45     22  STA022       210.0000      0.0000      0.0000  P   15.00  99.000
     45     23  STA023       220.0000      0.0000      0.0000  P    5.00  99.000
     45     24  STA024       230.0000      0.0000      0.0000  P    5.00  99.000
     45     25  STA025       240.0000      0.0000      0.0000  P   15.00  99.000
        46 2019  4  9  8  8   8.800  230.0000      0.0000 -15.00  3.00   25       146
     46      1  STA001         0.0000      0.0000      0.0000  P  230.00  99.000
     46      2  STA002        10.0000      0.0000      0.0000  P  220.00  99.000
     46      3  STA003        20.0000      0.0000      0.0000  P  210.00  99.000
     46      4  STA004        30.0000      0.0000      0.0000  P  200.00  99.000
     46      5  STA005        40.0000      0.0000      0.0000  P  190.00  99.000
     46      6  STA006        50.0000      0.0000      0.0000  P  180.00  99.000
     46      7  STA007        60.0000      0.0000      0.0000  P  170.00  99.000
     46      8  STA008        70.0000      0.0000      0.0000  P  160.00  99.000
     46      9  STA009        80.0000      0.0000      0.0000  P  150.00  99.000
     46     10  STA010        90.0000      0.0000      0.0000  P  140.00  99.000
     46     11  STA011       100.0000      0.0000      0.0000  P  130.00  99.000
     46     12  STA012       110.0000      0.0000      0.0000  P  120.00  99.000
     46     13  STA013       120.0000      0.0000      0.0000  P  110.00  99.000
     46     14  STA014       130.0000      0.0000      0.0000  P  100.00  99.000
     46     15  STA015       140.0000      0.0000      0.0000  P   90.00  99.000
     46     16  STA016       150.0000      0.0000      0.0000  P   80.00  99.000
     46     17  STA017       160.0000      0.0000      0.0000  P   70.00  99.000
     46     18  STA018       170.0000      0.0000      0.0000  P   60.00  99.000
     46     19  STA019       180.0000      0.0000      0.0000  P   50.00  99.000
     46     20  STA020       190.0000      0.0000      0.0000  P   40.00  99.000
     46     21  STA021       200.0000      0.0000      0.0000  P   30.00  99.000
     46     22  STA022       210.0000      0.0000      0.0000  P   20.00  99.000
     46     23  STA023       220.0000      0.0000      0.0000  P   10.00  99.000
     46     24  STA024       230.0000      0.0000      0.0000  P    0.00  99.000
     46     25  STA025       240.0000      0.0000      0.0000  P   10.00  99.000
        47 2020  4  9  8  8   8.800  235.0000      0.0000 -15.00  3.00   25       147
     47      1  STA001         0.0000      0.0000      0.0000  P  235.00  99.000
     47      2  STA002        10.0000      0.0000      0.0000  P  225.00  99.000
     47      3  STA003        20.0000      0.0000      0.0000  P  215.00  99.000
     47      4  STA004        30.0000      0.0000      0.0000  P  205.00  99.000
     47      5  STA005        40.0000      0.0000      0.0000  P  195.00  99.000
     47      6  STA006        50.0000      0.0000      0.0000  P  185.00  99.000
     47      7  STA007        60.0000      0.0000      0.0000  P  175.00  99.000
     47      8  STA008        70.0000      0.0000      0.0000  P  165.00  99.000
     47      9  STA009        80.0000      0.0000      0.0000  P  155.00  99.000
     47     10  STA010        90.0000      0.0000      0.0000  P  145.00  99.000
     47     11  STA011       100.0000      0.0000      0.0000  P  135.00  99.000
     47     12  STA012       110.0000      0.0000      0.0000  P  125.00  99.000
     47     13  STA013       120.0000      0.0000      0.0000  P  115.00  99.000
     47     14  STA014       130.0000      0.0000      0.0000  P  105.00  99.000
     47     15  STA015       140.0000      0.0000      0.0000  P   95.00  99.000
     47     16  STA016       150.0000      0.0000      0.0000  P   85.00  99.000
     47     17  STA017       160.0000      0.0000      0.0000  P   75.00  99.000
     47     18  STA018       170.0000      0.0000      0.0000  P   65.00  99.000
     47     19  STA019       180.0000      0.0000      0.0000  P   55.00  99.000
     47     20  STA020       190.0000      0.0000      0.0000  P   45.00  99.000
     47     21  STA021       200.0000      0.0000      0.0000  P   35.00  99.000
     47     22  STA022       210.0000      0.0000      0.0000  P   25.00  99.000
     47     23  STA023       220.0000      0.0000      0.0000  P   15.00  99.000
     47     24  STA024       230.0000      0.0000      0.0000  P    5.00  99.000
     47     25  STA025       240.0000      0.0000      0.0000  P    5.00  99.000
