         1 1974  4  9  8  8   8.800    5.0000      0.0000 -15.00  3.00    1       101
      1      1  STA001         5.0000      0.0000      0.0000  P    0.00  99.000
         2 1975  4  9  8  8   8.800   10.0000      0.0000 -15.00  3.00    1       102
      2      1  STA001         5.0000      0.0000      0.0000  P    5.00  99.000
         3 1976  4  9  8  8   8.800   15.0000      0.0000 -15.00  3.00    1       103
      3      1  STA001         5.0000      0.0000      0.0000  P   10.00  99.000
         4 1977  4  9  8  8   8.800   20.0000      0.0000 -15.00  3.00    1       104
      4      1  STA001         5.0000      0.0000      0.0000  P   15.00  99.000
         5 1978  4  9  8  8   8.800   25.0000      0.0000 -15.00  3.00    1       105
      5      1  STA001         5.0000      0.0000      0.0000  P   20.00  99.000
         6 1979  4  9  8  8   8.800   30.0000      0.0000 -15.00  3.00    1       106
      6      1  STA001         5.0000      0.0000      0.0000  P   25.00  99.000
         7 1980  4  9  8  8   8.800   35.0000      0.0000 -15.00  3.00    1       107
      7      1  STA001         5.0000      0.0000      0.0000  P   30.00  99.000
         8 1981  4  9  8  8   8.800   40.0000      0.0000 -15.00  3.00    1       108
      8      1  STA001         5.0000      0.0000      0.0000  P   35.00  99.000
         9 1982  4  9  8  8   8.800   45.0000      0.0000 -15.00  3.00    1       109
      9      1  STA001         5.0000      0.0000      0.0000  P   40.00  99.000
        10 1983  4  9  8  8   8.800   50.0000      0.0000 -15.00  3.00    1       110
     10      1  STA001         5.0000      0.0000      0.0000  P   45.00  99.000
        11 1984  4  9  8  8   8.800   55.0000      0.0000 -15.00  3.00    1       111
     11      1  STA001         5.0000      0.0000      0.0000  P   50.00  99.000
        12 1985  4  9  8  8   8.800   60.0000      0.0000 -15.00  3.00    1       112
     12      1  STA001         5.0000      0.0000      0.0000  P   55.00  99.000
        13 1986  4  9  8  8   8.800   65.0000      0.0000 -15.00  3.00    1       113
     13      1  STA001         5.0000      0.0000      0.0000  P   60.00  99.000
        14 1987  4  9  8  8   8.800   70.0000      0.0000 -15.00  3.00    1       114
     14      1  STA001         5.0000      0.0000      0.0000  P   65.00  99.000
        15 1988  4  9  8  8   8.800   75.0000      0.0000 -15.00  3.00    1       115
     15      1  STA001         5.0000      0.0000      0.0000  P   70.00  99.000
        16 1989  4  9  8  8   8.800   80.0000      0.0000 -15.00  3.00    1       116
     16      1  STA001         5.0000      0.0000      0.0000  P   75.00  99.000
        17 1990  4  9  8  8   8.800   85.0000      0.0000 -15.00  3.00    1       117
     17      1  STA001         5.0000      0.0000      0.0000  P   80.00  99.000
        18 1991  4  9  8  8   8.800   90.0000      0.0000 -15.00  3.00    1       118
     18      1  STA001         5.0000      0.0000      0.0000  P   85.00  99.000
        19 1992  4  9  8  8   8.800   95.0000      0.0000 -15.00  3.00    1       119
     19      1  STA001         5.0000      0.0000      0.0000  P   90.00  99.000
        20 1993  4  9  8  8   8.800  100.0000      0.0000 -15.00  3.00    1       120
     20      1  STA001         5.0000      0.0000      0.0000  P   95.00  99.000
        21 1994  4  9  8  8   8.800  105.0000      0.0000 -15.00  3.00    1       121
     21      1  STA001         5.0000      0.0000      0.0000  P  100.00  99.000
        22 1995  4  9  8  8   8.800  110.0000      0.0000 -15.00  3.00    1       122
     22      1  STA001         5.0000      0.0000      0.0000  P  105.00  99.000
        23 1996  4  9  8  8   8.800  115.0000      0.0000 -15.00  3.00    1       123
     23      1  STA001         5.0000      0.0000      0.0000  P  110.00  99.000
        24 1997  4  9  8  8   8.800  120.0000      0.0000 -15.00  3.00    1       124
     24      1  STA001         5.0000      0.0000      0.0000  P  115.00  99.000
        25 1998  4  9  8  8   8.800  125.0000      0.0000 -15.00  3.00    1       125
     25      1  STA001         5.0000      0.0000      0.0000  P  120.00  99.000
        26 1999  4  9  8  8   8.800  130.0000      0.0000 -15.00  3.00    1       126
     26      1  STA001         5.0000      0.0000      0.0000  P  125.00  99.000
        27 2000  4  9  8  8   8.800  135.0000      0.0000 -15.00  3.00    1       127
     27      1  STA001         5.0000      0.0000      0.0000  P  130.00  99.000
        28 2001  4  9  8  8   8.800  140.0000      0.0000 -15.00  3.00    1       128
     28      1  STA001         5.0000      0.0000      0.0000  P  135.00  99.000
        29 2002  4  9  8  8   8.800  145.0000      0.0000 -15.00  3.00    1       129
     29      1  STA001         5.0000      0.0000      0.0000  P  140.00  99.000
        30 2003  4  9  8  8   8.800  150.0000      0.0000 -15.00  3.00    1       130
     30      1  STA001         5.0000      0.0000      0.0000  P  145.00  99.000
        31 2004  4  9  8  8   8.800  155.0000      0.0000 -15.00  3.00    1       131
     31      1  STA001         5.0000      0.0000      0.0000  P  150.00  99.000
        32 2005  4  9  8  8   8.800  160.0000      0.0000 -15.00  3.00    1       132
     32      1  STA001         5.0000      0.0000      0.0000  P  155.00  99.000
        33 2006  4  9  8  8   8.800  165.0000      0.0000 -15.00  3.00    1       133
     33      1  STA001         5.0000      0.0000      0.0000  P  160.00  99.000
        34 2007  4  9  8  8   8.800  170.0000      0.0000 -15.00  3.00    1       134
     34      1  STA001         5.0000      0.0000      0.0000  P  165.00  99.000
        35 2008  4  9  8  8   8.800  175.0000      0.0000 -15.00  3.00    1       135
     35      1  STA001         5.0000      0.0000      0.0000  P  170.00  99.000
        36 2009  4  9  8  8   8.800  180.0000      0.0000 -15.00  3.00    1       136
     36      1  STA001         5.0000      0.0000      0.0000  P  175.00  99.000
        37 2010  4  9  8  8   8.800  185.0000      0.0000 -15.00  3.00    1       137
     37      1  STA001         5.0000      0.0000      0.0000  P  180.00  99.000
        38 2011  4  9  8  8   8.800  190.0000      0.0000 -15.00  3.00    1       138
     38      1  STA001         5.0000      0.0000      0.0000  P  185.00  99.000
        39 2012  4  9  8  8   8.800  195.0000      0.0000 -15.00  3.00    1       139
     39      1  STA001         5.0000      0.0000      0.0000  P  190.00  99.000
        40 2013  4  9  8  8   8.800  200.0000      0.0000 -15.00  3.00    1       140
     40      1  STA001         5.0000      0.0000      0.0000  P  195.00  99.000
        41 2014  4  9  8  8   8.800  205.0000      0.0000 -15.00  3.00    1       141
     41      1  STA001         5.0000      0.0000      0.0000  P  200.00  99.000
        42 2015  4  9  8  8   8.800  210.0000      0.0000 -15.00  3.00    1       142
     42      1  STA001         5.0000      0.0000      0.0000  P  205.00  99.000
        43 2016  4  9  8  8   8.800  215.0000      0.0000 -15.00  3.00    1       143
     43      1  STA001         5.0000      0.0000      0.0000  P  210.00  99.000
        44 2017  4  9  8  8   8.800  220.0000      0.0000 -15.00  3.00    1       144
     44      1  STA001         5.0000      0.0000      0.0000  P  215.00  99.000
        45 2018  4  9  8  8   8.800  225.0000      0.0000 -15.00  3.00    1       145
     45      1  STA001         5.0000      0.0000      0.0000  P  220.00  99.000
        46 2019  4  9  8  8   8.800  230.0000      0.0000 -15.00  3.00    1       146
     46      1  STA001         5.0000      0.0000      0.0000  P  225.00  99.000
        47 2020  4  9  8  8   8.800  235.0000      0.0000 -15.00  3.00    1       147
     47      1  STA001         5.0000      0.0000      0.0000  P  230.00  99.000
