        1       0.00000       0.00000       0.00000
        2       0.00000      10.00000       0.00000
        3       0.00000      20.00000       0.00000
        4       0.00000      30.00000       0.00000
        5       0.00000      40.00000       0.00000
        6       0.00000      50.00000       0.00000
        7       0.00000      60.00000       0.00000
        8       0.00000      70.00000       0.00000
        9       0.00000      80.00000       0.00000
       10       0.00000      90.00000       0.00000
       11       0.00000     100.00000       0.00000
       12       0.00000     110.00000       0.00000
       13       0.00000     120.00000       0.00000
       14       0.00000     130.00000       0.00000
       15       0.00000     140.00000       0.00000
       16       0.00000     150.00000       0.00000
       17       0.00000     160.00000       0.00000
       18       0.00000     170.00000       0.00000
       19       0.00000     180.00000       0.00000
       20       0.00000     190.00000       0.00000
       21       0.00000     200.00000       0.00000
       22       0.00000     210.00000       0.00000
       23       0.00000     220.00000       0.00000
       24       0.00000     230.00000       0.00000
       25       0.00000     240.00000       0.00000
