        1     -15.00000       5.00000       0.00000       0.00000
        2     -15.00000      10.00000       0.00000       0.00000
        3     -15.00000      15.00000       0.00000       0.00000
        4     -15.00000      20.00000       0.00000       0.00000
        5     -15.00000      25.00000       0.00000       0.00000
        6     -15.00000      30.00000       0.00000       0.00000
        7     -15.00000      35.00000       0.00000       0.00000
        8     -15.00000      40.00000       0.00000       0.00000
        9     -15.00000      45.00000       0.00000       0.00000
       10     -15.00000      50.00000       0.00000       0.00000
       11     -15.00000      55.00000       0.00000       0.00000
       12     -15.00000      60.00000       0.00000       0.00000
       13     -15.00000      65.00000       0.00000       0.00000
       14     -15.00000      70.00000       0.00000       0.00000
       15     -15.00000      75.00000       0.00000       0.00000
       16     -15.00000      80.00000       0.00000       0.00000
       17     -15.00000      85.00000       0.00000       0.00000
       18     -15.00000      90.00000       0.00000       0.00000
       19     -15.00000      95.00000       0.00000       0.00000
       20     -15.00000     100.00000       0.00000       0.00000
       21     -15.00000     105.00000       0.00000       0.00000
       22     -15.00000     110.00000       0.00000       0.00000
       23     -15.00000     115.00000       0.00000       0.00000
       24     -15.00000     120.00000       0.00000       0.00000
       25     -15.00000     125.00000       0.00000       0.00000
       26     -15.00000     130.00000       0.00000       0.00000
       27     -15.00000     135.00000       0.00000       0.00000
       28     -15.00000     140.00000       0.00000       0.00000
       29     -15.00000     145.00000       0.00000       0.00000
       30     -15.00000     150.00000       0.00000       0.00000
       31     -15.00000     155.00000       0.00000       0.00000
       32     -15.00000     160.00000       0.00000       0.00000
       33     -15.00000     165.00000       0.00000       0.00000
       34     -15.00000     170.00000       0.00000       0.00000
       35     -15.00000     175.00000       0.00000       0.00000
       36     -15.00000     180.00000       0.00000       0.00000
       37     -15.00000     185.00000       0.00000       0.00000
       38     -15.00000     190.00000       0.00000       0.00000
       39     -15.00000     195.00000       0.00000       0.00000
       40     -15.00000     200.00000       0.00000       0.00000
       41     -15.00000     205.00000       0.00000       0.00000
       42     -15.00000     210.00000       0.00000       0.00000
       43     -15.00000     215.00000       0.00000       0.00000
       44     -15.00000     220.00000       0.00000       0.00000
       45     -15.00000     225.00000       0.00000       0.00000
       46     -15.00000     230.00000       0.00000       0.00000
       47     -15.00000     235.00000       0.00000       0.00000
