         1 1974  4  9  8  8   8.800    5.0000      0.0000 -15.00  3.00   25       101
      1 STA001         0.0000      0.0000      0.0000  1    5.00  99.000
      2 STA002        10.0000      0.0000      0.0000  1    5.00  99.000
      3 STA003        20.0000      0.0000      0.0000  1   15.00  99.000
      4 STA004        30.0000      0.0000      0.0000  1   25.00  99.000
      5 STA005        40.0000      0.0000      0.0000  1   35.00  99.000
      6 STA006        50.0000      0.0000      0.0000  1   45.00  99.000
      7 STA007        60.0000      0.0000      0.0000  1   55.00  99.000
      8 STA008        70.0000      0.0000      0.0000  1   65.00  99.000
      9 STA009        80.0000      0.0000      0.0000  1   75.00  99.000
     10 STA010        90.0000      0.0000      0.0000  1   85.00  99.000
     11 STA011       100.0000      0.0000      0.0000  1   95.00  99.000
     12 STA012       110.0000      0.0000      0.0000  1  105.00  99.000
     13 STA013       120.0000      0.0000      0.0000  1  115.00  99.000
     14 STA014       130.0000      0.0000      0.0000  1  125.00  99.000
     15 STA015       140.0000      0.0000      0.0000  1  135.00  99.000
     16 STA016       150.0000      0.0000      0.0000  1  145.00  99.000
     17 STA017       160.0000      0.0000      0.0000  1  155.00  99.000
     18 STA018       170.0000      0.0000      0.0000  1  165.00  99.000
     19 STA019       180.0000      0.0000      0.0000  1  175.00  99.000
     20 STA020       190.0000      0.0000      0.0000  1  185.00  99.000
     21 STA021       200.0000      0.0000      0.0000  1  195.00  99.000
     22 STA022       210.0000      0.0000      0.0000  1  205.00  99.000
     23 STA023       220.0000      0.0000      0.0000  1  215.00  99.000
     24 STA024       230.0000      0.0000      0.0000  1  225.00  99.000
     25 STA025       240.0000      0.0000      0.0000  1  235.00  99.000
         2 1975  4  9  8  8   8.800   10.0000      0.0000 -15.00  3.00   25       102
      1 STA001         0.0000      0.0000      0.0000  1   10.00  99.000
      2 STA002        10.0000      0.0000      0.0000  1    0.00  99.000
      3 STA003        20.0000      0.0000      0.0000  1   10.00  99.000
      4 STA004        30.0000      0.0000      0.0000  1   20.00  99.000
      5 STA005        40.0000      0.0000      0.0000  1   30.00  99.000
      6 STA006        50.0000      0.0000      0.0000  1   40.00  99.000
      7 STA007        60.0000      0.0000      0.0000  1   50.00  99.000
      8 STA008        70.0000      0.0000      0.0000  1   60.00  99.000
      9 STA009        80.0000      0.0000      0.0000  1   70.00  99.000
     10 STA010        90.0000      0.0000      0.0000  1   80.00  99.000
     11 STA011       100.0000      0.0000      0.0000  1   90.00  99.000
     12 STA012       110.0000      0.0000      0.0000  1  100.00  99.000
     13 STA013       120.0000      0.0000      0.0000  1  110.00  99.000
     14 STA014       130.0000      0.0000      0.0000  1  120.00  99.000
     15 STA015       140.0000      0.0000      0.0000  1  130.00  99.000
     16 STA016       150.0000      0.0000      0.0000  1  140.00  99.000
     17 STA017       160.0000      0.0000      0.0000  1  150.00  99.000
     18 STA018       170.0000      0.0000      0.0000  1  160.00  99.000
     19 STA019       180.0000      0.0000      0.0000  1  170.00  99.000
     20 STA020       190.0000      0.0000      0.0000  1  180.00  99.000
     21 STA021       200.0000      0.0000      0.0000  1  190.00  99.000
     22 STA022       210.0000      0.0000      0.0000  1  200.00  99.000
     23 STA023       220.0000      0.0000      0.0000  1  210.00  99.000
     24 STA024       230.0000      0.0000      0.0000  1  220.00  99.000
     25 STA025       240.0000      0.0000      0.0000  1  230.00  99.000
         3 1976  4  9  8  8   8.800   15.0000      0.0000 -15.00  3.00   25       103
      1 STA001         0.0000      0.0000      0.0000  1   15.00  99.000
      2 STA002        10.0000      0.0000      0.0000  1    5.00  99.000
      3 STA003        20.0000      0.0000      0.0000  1    5.00  99.000
      4 STA004        30.0000      0.0000      0.0000  1   15.00  99.000
      5 STA005        40.0000      0.0000      0.0000  1   25.00  99.000
      6 STA006        50.0000      0.0000      0.0000  1   35.00  99.000
      7 STA007        60.0000      0.0000      0.0000  1   45.00  99.000
      8 STA008        70.0000      0.0000      0.0000  1   55.00  99.000
      9 STA009        80.0000      0.0000      0.0000  1   65.00  99.000
     10 STA010        90.0000      0.0000      0.0000  1   75.00  99.000
     11 STA011       100.0000      0.0000      0.0000  1   85.00  99.000
     12 STA012       110.0000      0.0000      0.0000  1   95.00  99.000
     13 STA013       120.0000      0.0000      0.0000  1  105.00  99.000
     14 STA014       130.0000      0.0000      0.0000  1  115.00  99.000
     15 STA015       140.0000      0.0000      0.0000  1  125.00  99.000
     16 STA016       150.0000      0.0000      0.0000  1  135.00  99.000
     17 STA017       160.0000      0.0000      0.0000  1  145.00  99.000
     18 STA018       170.0000      0.0000      0.0000  1  155.00  99.000
     19 STA019       180.0000      0.0000      0.0000  1  165.00  99.000
     20 STA020       190.0000      0.0000      0.0000  1  175.00  99.000
     21 STA021       200.0000      0.0000      0.0000  1  185.00  99.000
     22 STA022       210.0000      0.0000      0.0000  1  195.00  99.000
     23 STA023       220.0000      0.0000      0.0000  1  205.00  99.000
     24 STA024       230.0000      0.0000      0.0000  1  215.00  99.000
     25 STA025       240.0000      0.0000      0.0000  1  225.00  99.000
         4 1977  4  9  8  8   8.800   20.0000      0.0000 -15.00  3.00   25       104
      1 STA001         0.0000      0.0000      0.0000  1   20.00  99.000
      2 STA002        10.0000      0.0000      0.0000  1   10.00  99.000
      3 STA003        20.0000      0.0000      0.0000  1    0.00  99.000
      4 STA004        30.0000      0.0000      0.0000  1   10.00  99.000
      5 STA005        40.0000      0.0000      0.0000  1   20.00  99.000
      6 STA006        50.0000      0.0000      0.0000  1   30.00  99.000
      7 STA007        60.0000      0.0000      0.0000  1   40.00  99.000
      8 STA008        70.0000      0.0000      0.0000  1   50.00  99.000
      9 STA009        80.0000      0.0000      0.0000  1   60.00  99.000
     10 STA010        90.0000      0.0000      0.0000  1   70.00  99.000
     11 STA011       100.0000      0.0000      0.0000  1   80.00  99.000
     12 STA012       110.0000      0.0000      0.0000  1   90.00  99.000
     13 STA013       120.0000      0.0000      0.0000  1  100.00  99.000
     14 STA014       130.0000      0.0000      0.0000  1  110.00  99.000
     15 STA015       140.0000      0.0000      0.0000  1  120.00  99.000
     16 STA016       150.0000      0.0000      0.0000  1  130.00  99.000
     17 STA017       160.0000      0.0000      0.0000  1  140.00  99.000
     18 STA018       170.0000      0.0000      0.0000  1  150.00  99.000
     19 STA019       180.0000      0.0000      0.0000  1  160.00  99.000
     20 STA020       190.0000      0.0000      0.0000  1  170.00  99.000
     21 STA021       200.0000      0.0000      0.0000  1  180.00  99.000
     22 STA022       210.0000      0.0000      0.0000  1  190.00  99.000
     23 STA023       220.0000      0.0000      0.0000  1  200.00  99.000
     24 STA024       230.0000      0.0000      0.0000  1  210.00  99.000
     25 STA025       240.0000      0.0000      0.0000  1  220.00  99.000
         5 1978  4  9  8  8   8.800   25.0000      0.0000 -15.00  3.00   25       105
      1 STA001         0.0000      0.0000      0.0000  1   25.00  99.000
      2 STA002        10.0000      0.0000      0.0000  1   15.00  99.000
      3 STA003        20.0000      0.0000      0.0000  1    5.00  99.000
      4 STA004        30.0000      0.0000      0.0000  1    5.00  99.000
      5 STA005        40.0000      0.0000      0.0000  1   15.00  99.000
      6 STA006        50.0000      0.0000      0.0000  1   25.00  99.000
      7 STA007        60.0000      0.0000      0.0000  1   35.00  99.000
      8 STA008        70.0000      0.0000      0.0000  1   45.00  99.000
      9 STA009        80.0000      0.0000      0.0000  1   55.00  99.000
     10 STA010        90.0000      0.0000      0.0000  1   65.00  99.000
     11 STA011       100.0000      0.0000      0.0000  1   75.00  99.000
     12 STA012       110.0000      0.0000      0.0000  1   85.00  99.000
     13 STA013       120.0000      0.0000      0.0000  1   95.00  99.000
     14 STA014       130.0000      0.0000      0.0000  1  105.00  99.000
     15 STA015       140.0000      0.0000      0.0000  1  115.00  99.000
     16 STA016       150.0000      0.0000      0.0000  1  125.00  99.000
     17 STA017       160.0000      0.0000      0.0000  1  135.00  99.000
     18 STA018       170.0000      0.0000      0.0000  1  145.00  99.000
     19 STA019       180.0000      0.0000      0.0000  1  155.00  99.000
     20 STA020       190.0000      0.0000      0.0000  1  165.00  99.000
     21 STA021       200.0000      0.0000      0.0000  1  175.00  99.000
     22 STA022       210.0000      0.0000      0.0000  1  185.00  99.000
     23 STA023       220.0000      0.0000      0.0000  1  195.00  99.000
     24 STA024       230.0000      0.0000      0.0000  1  205.00  99.000
     25 STA025       240.0000      0.0000      0.0000  1  215.00  99.000
         6 1979  4  9  8  8   8.800   30.0000      0.0000 -15.00  3.00   25       106
      1 STA001         0.0000      0.0000      0.0000  1   30.00  99.000
      2 STA002        10.0000      0.0000      0.0000  1   20.00  99.000
      3 STA003        20.0000      0.0000      0.0000  1   10.00  99.000
      4 STA004        30.0000      0.0000      0.0000  1    0.00  99.000
      5 STA005        40.0000      0.0000      0.0000  1   10.00  99.000
      6 STA006        50.0000      0.0000      0.0000  1   20.00  99.000
      7 STA007        60.0000      0.0000      0.0000  1   30.00  99.000
      8 STA008        70.0000      0.0000      0.0000  1   40.00  99.000
      9 STA009        80.0000      0.0000      0.0000  1   50.00  99.000
     10 STA010        90.0000      0.0000      0.0000  1   60.00  99.000
     11 STA011       100.0000      0.0000      0.0000  1   70.00  99.000
     12 STA012       110.0000      0.0000      0.0000  1   80.00  99.000
     13 STA013       120.0000      0.0000      0.0000  1   90.00  99.000
     14 STA014       130.0000      0.0000      0.0000  1  100.00  99.000
     15 STA015       140.0000      0.0000      0.0000  1  110.00  99.000
     16 STA016       150.0000      0.0000      0.0000  1  120.00  99.000
     17 STA017       160.0000      0.0000      0.0000  1  130.00  99.000
     18 STA018       170.0000      0.0000      0.0000  1  140.00  99.000
     19 STA019       180.0000      0.0000      0.0000  1  150.00  99.000
     20 STA020       190.0000      0.0000      0.0000  1  160.00  99.000
     21 STA021       200.0000      0.0000      0.0000  1  170.00  99.000
     22 STA022       210.0000      0.0000      0.0000  1  180.00  99.000
     23 STA023       220.0000      0.0000      0.0000  1  190.00  99.000
     24 STA024       230.0000      0.0000      0.0000  1  200.00  99.000
     25 STA025       240.0000      0.0000      0.0000  1  210.00  99.000
         7 1980  4  9  8  8   8.800   35.0000      0.0000 -15.00  3.00   25       107
      1 STA001         0.0000      0.0000      0.0000  1   35.00  99.000
      2 STA002        10.0000      0.0000      0.0000  1   25.00  99.000
      3 STA003        20.0000      0.0000      0.0000  1   15.00  99.000
      4 STA004        30.0000      0.0000      0.0000  1    5.00  99.000
      5 STA005        40.0000      0.0000      0.0000  1    5.00  99.000
      6 STA006        50.0000      0.0000      0.0000  1   15.00  99.000
      7 STA007        60.0000      0.0000      0.0000  1   25.00  99.000
      8 STA008        70.0000      0.0000      0.0000  1   35.00  99.000
      9 STA009        80.0000      0.0000      0.0000  1   45.00  99.000
     10 STA010        90.0000      0.0000      0.0000  1   55.00  99.000
     11 STA011       100.0000      0.0000      0.0000  1   65.00  99.000
     12 STA012       110.0000      0.0000      0.0000  1   75.00  99.000
     13 STA013       120.0000      0.0000      0.0000  1   85.00  99.000
     14 STA014       130.0000      0.0000      0.0000  1   95.00  99.000
     15 STA015       140.0000      0.0000      0.0000  1  105.00  99.000
     16 STA016       150.0000      0.0000      0.0000  1  115.00  99.000
     17 STA017       160.0000      0.0000      0.0000  1  125.00  99.000
     18 STA018       170.0000      0.0000      0.0000  1  135.00  99.000
     19 STA019       180.0000      0.0000      0.0000  1  145.00  99.000
     20 STA020       190.0000      0.0000      0.0000  1  155.00  99.000
     21 STA021       200.0000      0.0000      0.0000  1  165.00  99.000
     22 STA022       210.0000      0.0000      0.0000  1  175.00  99.000
     23 STA023       220.0000      0.0000      0.0000  1  185.00  99.000
     24 STA024       230.0000      0.0000      0.0000  1  195.00  99.000
     25 STA025       240.0000      0.0000      0.0000  1  205.00  99.000
         8 1981  4  9  8  8   8.800   40.0000      0.0000 -15.00  3.00   25       108
      1 STA001         0.0000      0.0000      0.0000  1   40.00  99.000
      2 STA002        10.0000      0.0000      0.0000  1   30.00  99.000
      3 STA003        20.0000      0.0000      0.0000  1   20.00  99.000
      4 STA004        30.0000      0.0000      0.0000  1   10.00  99.000
      5 STA005        40.0000      0.0000      0.0000  1    0.00  99.000
      6 STA006        50.0000      0.0000      0.0000  1   10.00  99.000
      7 STA007        60.0000      0.0000      0.0000  1   20.00  99.000
      8 STA008        70.0000      0.0000      0.0000  1   30.00  99.000
      9 STA009        80.0000      0.0000      0.0000  1   40.00  99.000
     10 STA010        90.0000      0.0000      0.0000  1   50.00  99.000
     11 STA011       100.0000      0.0000      0.0000  1   60.00  99.000
     12 STA012       110.0000      0.0000      0.0000  1   70.00  99.000
     13 STA013       120.0000      0.0000      0.0000  1   80.00  99.000
     14 STA014       130.0000      0.0000      0.0000  1   90.00  99.000
     15 STA015       140.0000      0.0000      0.0000  1  100.00  99.000
     16 STA016       150.0000      0.0000      0.0000  1  110.00  99.000
     17 STA017       160.0000      0.0000      0.0000  1  120.00  99.000
     18 STA018       170.0000      0.0000      0.0000  1  130.00  99.000
     19 STA019       180.0000      0.0000      0.0000  1  140.00  99.000
     20 STA020       190.0000      0.0000      0.0000  1  150.00  99.000
     21 STA021       200.0000      0.0000      0.0000  1  160.00  99.000
     22 STA022       210.0000      0.0000      0.0000  1  170.00  99.000
     23 STA023       220.0000      0.0000      0.0000  1  180.00  99.000
     24 STA024       230.0000      0.0000      0.0000  1  190.00  99.000
     25 STA025       240.0000      0.0000      0.0000  1  200.00  99.000
         9 1982  4  9  8  8   8.800   45.0000      0.0000 -15.00  3.00   25       109
      1 STA001         0.0000      0.0000      0.0000  1   45.00  99.000
      2 STA002        10.0000      0.0000      0.0000  1   35.00  99.000
      3 STA003        20.0000      0.0000      0.0000  1   25.00  99.000
      4 STA004        30.0000      0.0000      0.0000  1   15.00  99.000
      5 STA005        40.0000      0.0000      0.0000  1    5.00  99.000
      6 STA006        50.0000      0.0000      0.0000  1    5.00  99.000
      7 STA007        60.0000      0.0000      0.0000  1   15.00  99.000
      8 STA008        70.0000      0.0000      0.0000  1   25.00  99.000
      9 STA009        80.0000      0.0000      0.0000  1   35.00  99.000
     10 STA010        90.0000      0.0000      0.0000  1   45.00  99.000
     11 STA011       100.0000      0.0000      0.0000  1   55.00  99.000
     12 STA012       110.0000      0.0000      0.0000  1   65.00  99.000
     13 STA013       120.0000      0.0000      0.0000  1   75.00  99.000
     14 STA014       130.0000      0.0000      0.0000  1   85.00  99.000
     15 STA015       140.0000      0.0000      0.0000  1   95.00  99.000
     16 STA016       150.0000      0.0000      0.0000  1  105.00  99.000
     17 STA017       160.0000      0.0000      0.0000  1  115.00  99.000
     18 STA018       170.0000      0.0000      0.0000  1  125.00  99.000
     19 STA019       180.0000      0.0000      0.0000  1  135.00  99.000
     20 STA020       190.0000      0.0000      0.0000  1  145.00  99.000
     21 STA021       200.0000      0.0000      0.0000  1  155.00  99.000
     22 STA022       210.0000      0.0000      0.0000  1  165.00  99.000
     23 STA023       220.0000      0.0000      0.0000  1  175.00  99.000
     24 STA024       230.0000      0.0000      0.0000  1  185.00  99.000
     25 STA025       240.0000      0.0000      0.0000  1  195.00  99.000
        10 1983  4  9  8  8   8.800   50.0000      0.0000 -15.00  3.00   25       110
      1 STA001         0.0000      0.0000      0.0000  1   50.00  99.000
      2 STA002        10.0000      0.0000      0.0000  1   40.00  99.000
      3 STA003        20.0000      0.0000      0.0000  1   30.00  99.000
      4 STA004        30.0000      0.0000      0.0000  1   20.00  99.000
      5 STA005        40.0000      0.0000      0.0000  1   10.00  99.000
      6 STA006        50.0000      0.0000      0.0000  1    0.00  99.000
      7 STA007        60.0000      0.0000      0.0000  1   10.00  99.000
      8 STA008        70.0000      0.0000      0.0000  1   20.00  99.000
      9 STA009        80.0000      0.0000      0.0000  1   30.00  99.000
     10 STA010        90.0000      0.0000      0.0000  1   40.00  99.000
     11 STA011       100.0000      0.0000      0.0000  1   50.00  99.000
     12 STA012       110.0000      0.0000      0.0000  1   60.00  99.000
     13 STA013       120.0000      0.0000      0.0000  1   70.00  99.000
     14 STA014       130.0000      0.0000      0.0000  1   80.00  99.000
     15 STA015       140.0000      0.0000      0.0000  1   90.00  99.000
     16 STA016       150.0000      0.0000      0.0000  1  100.00  99.000
     17 STA017       160.0000      0.0000      0.0000  1  110.00  99.000
     18 STA018       170.0000      0.0000      0.0000  1  120.00  99.000
     19 STA019       180.0000      0.0000      0.0000  1  130.00  99.000
     20 STA020       190.0000      0.0000      0.0000  1  140.00  99.000
     21 STA021       200.0000      0.0000      0.0000  1  150.00  99.000
     22 STA022       210.0000      0.0000      0.0000  1  160.00  99.000
     23 STA023       220.0000      0.0000      0.0000  1  170.00  99.000
     24 STA024       230.0000      0.0000      0.0000  1  180.00  99.000
     25 STA025       240.0000      0.0000      0.0000  1  190.00  99.000
        11 1984  4  9  8  8   8.800   55.0000      0.0000 -15.00  3.00   25       111
      1 STA001         0.0000      0.0000      0.0000  1   55.00  99.000
      2 STA002        10.0000      0.0000      0.0000  1   45.00  99.000
      3 STA003        20.0000      0.0000      0.0000  1   35.00  99.000
      4 STA004        30.0000      0.0000      0.0000  1   25.00  99.000
      5 STA005        40.0000      0.0000      0.0000  1   15.00  99.000
      6 STA006        50.0000      0.0000      0.0000  1    5.00  99.000
      7 STA007        60.0000      0.0000      0.0000  1    5.00  99.000
      8 STA008        70.0000      0.0000      0.0000  1   15.00  99.000
      9 STA009        80.0000      0.0000      0.0000  1   25.00  99.000
     10 STA010        90.0000      0.0000      0.0000  1   35.00  99.000
     11 STA011       100.0000      0.0000      0.0000  1   45.00  99.000
     12 STA012       110.0000      0.0000      0.0000  1   55.00  99.000
     13 STA013       120.0000      0.0000      0.0000  1   65.00  99.000
     14 STA014       130.0000      0.0000      0.0000  1   75.00  99.000
     15 STA015       140.0000      0.0000      0.0000  1   85.00  99.000
     16 STA016       150.0000      0.0000      0.0000  1   95.00  99.000
     17 STA017       160.0000      0.0000      0.0000  1  105.00  99.000
     18 STA018       170.0000      0.0000      0.0000  1  115.00  99.000
     19 STA019       180.0000      0.0000      0.0000  1  125.00  99.000
     20 STA020       190.0000      0.0000      0.0000  1  135.00  99.000
     21 STA021       200.0000      0.0000      0.0000  1  145.00  99.000
     22 STA022       210.0000      0.0000      0.0000  1  155.00  99.000
     23 STA023       220.0000      0.0000      0.0000  1  165.00  99.000
     24 STA024       230.0000      0.0000      0.0000  1  175.00  99.000
     25 STA025       240.0000      0.0000      0.0000  1  185.00  99.000
        12 1985  4  9  8  8   8.800   60.0000      0.0000 -15.00  3.00   25       112
      1 STA001         0.0000      0.0000      0.0000  1   60.00  99.000
      2 STA002        10.0000      0.0000      0.0000  1   50.00  99.000
      3 STA003        20.0000      0.0000      0.0000  1   40.00  99.000
      4 STA004        30.0000      0.0000      0.0000  1   30.00  99.000
      5 STA005        40.0000      0.0000      0.0000  1   20.00  99.000
      6 STA006        50.0000      0.0000      0.0000  1   10.00  99.000
      7 STA007        60.0000      0.0000      0.0000  1    0.00  99.000
      8 STA008        70.0000      0.0000      0.0000  1   10.00  99.000
      9 STA009        80.0000      0.0000      0.0000  1   20.00  99.000
     10 STA010        90.0000      0.0000      0.0000  1   30.00  99.000
     11 STA011       100.0000      0.0000      0.0000  1   40.00  99.000
     12 STA012       110.0000      0.0000      0.0000  1   50.00  99.000
     13 STA013       120.0000      0.0000      0.0000  1   60.00  99.000
     14 STA014       130.0000      0.0000      0.0000  1   70.00  99.000
     15 STA015       140.0000      0.0000      0.0000  1   80.00  99.000
     16 STA016       150.0000      0.0000      0.0000  1   90.00  99.000
     17 STA017       160.0000      0.0000      0.0000  1  100.00  99.000
     18 STA018       170.0000      0.0000      0.0000  1  110.00  99.000
     19 STA019       180.0000      0.0000      0.0000  1  120.00  99.000
     20 STA020       190.0000      0.0000      0.0000  1  130.00  99.000
     21 STA021       200.0000      0.0000      0.0000  1  140.00  99.000
     22 STA022       210.0000      0.0000      0.0000  1  150.00  99.000
     23 STA023       220.0000      0.0000      0.0000  1  160.00  99.000
     24 STA024       230.0000      0.0000      0.0000  1  170.00  99.000
     25 STA025       240.0000      0.0000      0.0000  1  180.00  99.000
        13 1986  4  9  8  8   8.800   65.0000      0.0000 -15.00  3.00   25       113
      1 STA001         0.0000      0.0000      0.0000  1   65.00  99.000
      2 STA002        10.0000      0.0000      0.0000  1   55.00  99.000
      3 STA003        20.0000      0.0000      0.0000  1   45.00  99.000
      4 STA004        30.0000      0.0000      0.0000  1   35.00  99.000
      5 STA005        40.0000      0.0000      0.0000  1   25.00  99.000
      6 STA006        50.0000      0.0000      0.0000  1   15.00  99.000
      7 STA007        60.0000      0.0000      0.0000  1    5.00  99.000
      8 STA008        70.0000      0.0000      0.0000  1    5.00  99.000
      9 STA009        80.0000      0.0000      0.0000  1   15.00  99.000
     10 STA010        90.0000      0.0000      0.0000  1   25.00  99.000
     11 STA011       100.0000      0.0000      0.0000  1   35.00  99.000
     12 STA012       110.0000      0.0000      0.0000  1   45.00  99.000
     13 STA013       120.0000      0.0000      0.0000  1   55.00  99.000
     14 STA014       130.0000      0.0000      0.0000  1   65.00  99.000
     15 STA015       140.0000      0.0000      0.0000  1   75.00  99.000
     16 STA016       150.0000      0.0000      0.0000  1   85.00  99.000
     17 STA017       160.0000      0.0000      0.0000  1   95.00  99.000
     18 STA018       170.0000      0.0000      0.0000  1  105.00  99.000
     19 STA019       180.0000      0.0000      0.0000  1  115.00  99.000
     20 STA020       190.0000      0.0000      0.0000  1  125.00  99.000
     21 STA021       200.0000      0.0000      0.0000  1  135.00  99.000
     22 STA022       210.0000      0.0000      0.0000  1  145.00  99.000
     23 STA023       220.0000      0.0000      0.0000  1  155.00  99.000
     24 STA024       230.0000      0.0000      0.0000  1  165.00  99.000
     25 STA025       240.0000      0.0000      0.0000  1  175.00  99.000
        14 1987  4  9  8  8   8.800   70.0000      0.0000 -15.00  3.00   25       114
      1 STA001         0.0000      0.0000      0.0000  1   70.00  99.000
      2 STA002        10.0000      0.0000      0.0000  1   60.00  99.000
      3 STA003        20.0000      0.0000      0.0000  1   50.00  99.000
      4 STA004        30.0000      0.0000      0.0000  1   40.00  99.000
      5 STA005        40.0000      0.0000      0.0000  1   30.00  99.000
      6 STA006        50.0000      0.0000      0.0000  1   20.00  99.000
      7 STA007        60.0000      0.0000      0.0000  1   10.00  99.000
      8 STA008        70.0000      0.0000      0.0000  1    0.00  99.000
      9 STA009        80.0000      0.0000      0.0000  1   10.00  99.000
     10 STA010        90.0000      0.0000      0.0000  1   20.00  99.000
     11 STA011       100.0000      0.0000      0.0000  1   30.00  99.000
     12 STA012       110.0000      0.0000      0.0000  1   40.00  99.000
     13 STA013       120.0000      0.0000      0.0000  1   50.00  99.000
     14 STA014       130.0000      0.0000      0.0000  1   60.00  99.000
     15 STA015       140.0000      0.0000      0.0000  1   70.00  99.000
     16 STA016       150.0000      0.0000      0.0000  1   80.00  99.000
     17 STA017       160.0000      0.0000      0.0000  1   90.00  99.000
     18 STA018       170.0000      0.0000      0.0000  1  100.00  99.000
     19 STA019       180.0000      0.0000      0.0000  1  110.00  99.000
     20 STA020       190.0000      0.0000      0.0000  1  120.00  99.000
     21 STA021       200.0000      0.0000      0.0000  1  130.00  99.000
     22 STA022       210.0000      0.0000      0.0000  1  140.00  99.000
     23 STA023       220.0000      0.0000      0.0000  1  150.00  99.000
     24 STA024       230.0000      0.0000      0.0000  1  160.00  99.000
     25 STA025       240.0000      0.0000      0.0000  1  170.00  99.000
        15 1988  4  9  8  8   8.800   75.0000      0.0000 -15.00  3.00   25       115
      1 STA001         0.0000      0.0000      0.0000  1   75.00  99.000
      2 STA002        10.0000      0.0000      0.0000  1   65.00  99.000
      3 STA003        20.0000      0.0000      0.0000  1   55.00  99.000
      4 STA004        30.0000      0.0000      0.0000  1   45.00  99.000
      5 STA005        40.0000      0.0000      0.0000  1   35.00  99.000
      6 STA006        50.0000      0.0000      0.0000  1   25.00  99.000
      7 STA007        60.0000      0.0000      0.0000  1   15.00  99.000
      8 STA008        70.0000      0.0000      0.0000  1    5.00  99.000
      9 STA009        80.0000      0.0000      0.0000  1    5.00  99.000
     10 STA010        90.0000      0.0000      0.0000  1   15.00  99.000
     11 STA011       100.0000      0.0000      0.0000  1   25.00  99.000
     12 STA012       110.0000      0.0000      0.0000  1   35.00  99.000
     13 STA013       120.0000      0.0000      0.0000  1   45.00  99.000
     14 STA014       130.0000      0.0000      0.0000  1   55.00  99.000
     15 STA015       140.0000      0.0000      0.0000  1   65.00  99.000
     16 STA016       150.0000      0.0000      0.0000  1   75.00  99.000
     17 STA017       160.0000      0.0000      0.0000  1   85.00  99.000
     18 STA018       170.0000      0.0000      0.0000  1   95.00  99.000
     19 STA019       180.0000      0.0000      0.0000  1  105.00  99.000
     20 STA020       190.0000      0.0000      0.0000  1  115.00  99.000
     21 STA021       200.0000      0.0000      0.0000  1  125.00  99.000
     22 STA022       210.0000      0.0000      0.0000  1  135.00  99.000
     23 STA023       220.0000      0.0000      0.0000  1  145.00  99.000
     24 STA024       230.0000      0.0000      0.0000  1  155.00  99.000
     25 STA025       240.0000      0.0000      0.0000  1  165.00  99.000
        16 1989  4  9  8  8   8.800   80.0000      0.0000 -15.00  3.00   25       116
      1 STA001         0.0000      0.0000      0.0000  1   80.00  99.000
      2 STA002        10.0000      0.0000      0.0000  1   70.00  99.000
      3 STA003        20.0000      0.0000      0.0000  1   60.00  99.000
      4 STA004        30.0000      0.0000      0.0000  1   50.00  99.000
      5 STA005        40.0000      0.0000      0.0000  1   40.00  99.000
      6 STA006        50.0000      0.0000      0.0000  1   30.00  99.000
      7 STA007        60.0000      0.0000      0.0000  1   20.00  99.000
      8 STA008        70.0000      0.0000      0.0000  1   10.00  99.000
      9 STA009        80.0000      0.0000      0.0000  1    0.00  99.000
     10 STA010        90.0000      0.0000      0.0000  1   10.00  99.000
     11 STA011       100.0000      0.0000      0.0000  1   20.00  99.000
     12 STA012       110.0000      0.0000      0.0000  1   30.00  99.000
     13 STA013       120.0000      0.0000      0.0000  1   40.00  99.000
     14 STA014       130.0000      0.0000      0.0000  1   50.00  99.000
     15 STA015       140.0000      0.0000      0.0000  1   60.00  99.000
     16 STA016       150.0000      0.0000      0.0000  1   70.00  99.000
     17 STA017       160.0000      0.0000      0.0000  1   80.00  99.000
     18 STA018       170.0000      0.0000      0.0000  1   90.00  99.000
     19 STA019       180.0000      0.0000      0.0000  1  100.00  99.000
     20 STA020       190.0000      0.0000      0.0000  1  110.00  99.000
     21 STA021       200.0000      0.0000      0.0000  1  120.00  99.000
     22 STA022       210.0000      0.0000      0.0000  1  130.00  99.000
     23 STA023       220.0000      0.0000      0.0000  1  140.00  99.000
     24 STA024       230.0000      0.0000      0.0000  1  150.00  99.000
     25 STA025       240.0000      0.0000      0.0000  1  160.00  99.000
        17 1990  4  9  8  8   8.800   85.0000      0.0000 -15.00  3.00   25       117
      1 STA001         0.0000      0.0000      0.0000  1   85.00  99.000
      2 STA002        10.0000      0.0000      0.0000  1   75.00  99.000
      3 STA003        20.0000      0.0000      0.0000  1   65.00  99.000
      4 STA004        30.0000      0.0000      0.0000  1   55.00  99.000
      5 STA005        40.0000      0.0000      0.0000  1   45.00  99.000
      6 STA006        50.0000      0.0000      0.0000  1   35.00  99.000
      7 STA007        60.0000      0.0000      0.0000  1   25.00  99.000
      8 STA008        70.0000      0.0000      0.0000  1   15.00  99.000
      9 STA009        80.0000      0.0000      0.0000  1    5.00  99.000
     10 STA010        90.0000      0.0000      0.0000  1    5.00  99.000
     11 STA011       100.0000      0.0000      0.0000  1   15.00  99.000
     12 STA012       110.0000      0.0000      0.0000  1   25.00  99.000
     13 STA013       120.0000      0.0000      0.0000  1   35.00  99.000
     14 STA014       130.0000      0.0000      0.0000  1   45.00  99.000
     15 STA015       140.0000      0.0000      0.0000  1   55.00  99.000
     16 STA016       150.0000      0.0000      0.0000  1   65.00  99.000
     17 STA017       160.0000      0.0000      0.0000  1   75.00  99.000
     18 STA018       170.0000      0.0000      0.0000  1   85.00  99.000
     19 STA019       180.0000      0.0000      0.0000  1   95.00  99.000
     20 STA020       190.0000      0.0000      0.0000  1  105.00  99.000
     21 STA021       200.0000      0.0000      0.0000  1  115.00  99.000
     22 STA022       210.0000      0.0000      0.0000  1  125.00  99.000
     23 STA023       220.0000      0.0000      0.0000  1  135.00  99.000
     24 STA024       230.0000      0.0000      0.0000  1  145.00  99.000
     25 STA025       240.0000      0.0000      0.0000  1  155.00  99.000
        18 1991  4  9  8  8   8.800   90.0000      0.0000 -15.00  3.00   25       118
      1 STA001         0.0000      0.0000      0.0000  1   90.00  99.000
      2 STA002        10.0000      0.0000      0.0000  1   80.00  99.000
      3 STA003        20.0000      0.0000      0.0000  1   70.00  99.000
      4 STA004        30.0000      0.0000      0.0000  1   60.00  99.000
      5 STA005        40.0000      0.0000      0.0000  1   50.00  99.000
      6 STA006        50.0000      0.0000      0.0000  1   40.00  99.000
      7 STA007        60.0000      0.0000      0.0000  1   30.00  99.000
      8 STA008        70.0000      0.0000      0.0000  1   20.00  99.000
      9 STA009        80.0000      0.0000      0.0000  1   10.00  99.000
     10 STA010        90.0000      0.0000      0.0000  1    0.00  99.000
     11 STA011       100.0000      0.0000      0.0000  1   10.00  99.000
     12 STA012       110.0000      0.0000      0.0000  1   20.00  99.000
     13 STA013       120.0000      0.0000      0.0000  1   30.00  99.000
     14 STA014       130.0000      0.0000      0.0000  1   40.00  99.000
     15 STA015       140.0000      0.0000      0.0000  1   50.00  99.000
     16 STA016       150.0000      0.0000      0.0000  1   60.00  99.000
     17 STA017       160.0000      0.0000      0.0000  1   70.00  99.000
     18 STA018       170.0000      0.0000      0.0000  1   80.00  99.000
     19 STA019       180.0000      0.0000      0.0000  1   90.00  99.000
     20 STA020       190.0000      0.0000      0.0000  1  100.00  99.000
     21 STA021       200.0000      0.0000      0.0000  1  110.00  99.000
     22 STA022       210.0000      0.0000      0.0000  1  120.00  99.000
     23 STA023       220.0000      0.0000      0.0000  1  130.00  99.000
     24 STA024       230.0000      0.0000      0.0000  1  140.00  99.000
     25 STA025       240.0000      0.0000      0.0000  1  150.00  99.000
        19 1992  4  9  8  8   8.800   95.0000      0.0000 -15.00  3.00   25       119
      1 STA001         0.0000      0.0000      0.0000  1   95.00  99.000
      2 STA002        10.0000      0.0000      0.0000  1   85.00  99.000
      3 STA003        20.0000      0.0000      0.0000  1   75.00  99.000
      4 STA004        30.0000      0.0000      0.0000  1   65.00  99.000
      5 STA005        40.0000      0.0000      0.0000  1   55.00  99.000
      6 STA006        50.0000      0.0000      0.0000  1   45.00  99.000
      7 STA007        60.0000      0.0000      0.0000  1   35.00  99.000
      8 STA008        70.0000      0.0000      0.0000  1   25.00  99.000
      9 STA009        80.0000      0.0000      0.0000  1   15.00  99.000
     10 STA010        90.0000      0.0000      0.0000  1    5.00  99.000
     11 STA011       100.0000      0.0000      0.0000  1    5.00  99.000
     12 STA012       110.0000      0.0000      0.0000  1   15.00  99.000
     13 STA013       120.0000      0.0000      0.0000  1   25.00  99.000
     14 STA014       130.0000      0.0000      0.0000  1   35.00  99.000
     15 STA015       140.0000      0.0000      0.0000  1   45.00  99.000
     16 STA016       150.0000      0.0000      0.0000  1   55.00  99.000
     17 STA017       160.0000      0.0000      0.0000  1   65.00  99.000
     18 STA018       170.0000      0.0000      0.0000  1   75.00  99.000
     19 STA019       180.0000      0.0000      0.0000  1   85.00  99.000
     20 STA020       190.0000      0.0000      0.0000  1   95.00  99.000
     21 STA021       200.0000      0.0000      0.0000  1  105.00  99.000
     22 STA022       210.0000      0.0000      0.0000  1  115.00  99.000
     23 STA023       220.0000      0.0000      0.0000  1  125.00  99.000
     24 STA024       230.0000      0.0000      0.0000  1  135.00  99.000
     25 STA025       240.0000      0.0000      0.0000  1  145.00  99.000
        20 1993  4  9  8  8   8.800  100.0000      0.0000 -15.00  3.00   25       120
      1 STA001         0.0000      0.0000      0.0000  1  100.00  99.000
      2 STA002        10.0000      0.0000      0.0000  1   90.00  99.000
      3 STA003        20.0000      0.0000      0.0000  1   80.00  99.000
      4 STA004        30.0000      0.0000      0.0000  1   70.00  99.000
      5 STA005        40.0000      0.0000      0.0000  1   60.00  99.000
      6 STA006        50.0000      0.0000      0.0000  1   50.00  99.000
      7 STA007        60.0000      0.0000      0.0000  1   40.00  99.000
      8 STA008        70.0000      0.0000      0.0000  1   30.00  99.000
      9 STA009        80.0000      0.0000      0.0000  1   20.00  99.000
     10 STA010        90.0000      0.0000      0.0000  1   10.00  99.000
     11 STA011       100.0000      0.0000      0.0000  1    0.00  99.000
     12 STA012       110.0000      0.0000      0.0000  1   10.00  99.000
     13 STA013       120.0000      0.0000      0.0000  1   20.00  99.000
     14 STA014       130.0000      0.0000      0.0000  1   30.00  99.000
     15 STA015       140.0000      0.0000      0.0000  1   40.00  99.000
     16 STA016       150.0000      0.0000      0.0000  1   50.00  99.000
     17 STA017       160.0000      0.0000      0.0000  1   60.00  99.000
     18 STA018       170.0000      0.0000      0.0000  1   70.00  99.000
     19 STA019       180.0000      0.0000      0.0000  1   80.00  99.000
     20 STA020       190.0000      0.0000      0.0000  1   90.00  99.000
     21 STA021       200.0000      0.0000      0.0000  1  100.00  99.000
     22 STA022       210.0000      0.0000      0.0000  1  110.00  99.000
     23 STA023       220.0000      0.0000      0.0000  1  120.00  99.000
     24 STA024       230.0000      0.0000      0.0000  1  130.00  99.000
     25 STA025       240.0000      0.0000      0.0000  1  140.00  99.000
        21 1994  4  9  8  8   8.800  105.0000      0.0000 -15.00  3.00   25       121
      1 STA001         0.0000      0.0000      0.0000  1  105.00  99.000
      2 STA002        10.0000      0.0000      0.0000  1   95.00  99.000
      3 STA003        20.0000      0.0000      0.0000  1   85.00  99.000
      4 STA004        30.0000      0.0000      0.0000  1   75.00  99.000
      5 STA005        40.0000      0.0000      0.0000  1   65.00  99.000
      6 STA006        50.0000      0.0000      0.0000  1   55.00  99.000
      7 STA007        60.0000      0.0000      0.0000  1   45.00  99.000
      8 STA008        70.0000      0.0000      0.0000  1   35.00  99.000
      9 STA009        80.0000      0.0000      0.0000  1   25.00  99.000
     10 STA010        90.0000      0.0000      0.0000  1   15.00  99.000
     11 STA011       100.0000      0.0000      0.0000  1    5.00  99.000
     12 STA012       110.0000      0.0000      0.0000  1    5.00  99.000
     13 STA013       120.0000      0.0000      0.0000  1   15.00  99.000
     14 STA014       130.0000      0.0000      0.0000  1   25.00  99.000
     15 STA015       140.0000      0.0000      0.0000  1   35.00  99.000
     16 STA016       150.0000      0.0000      0.0000  1   45.00  99.000
     17 STA017       160.0000      0.0000      0.0000  1   55.00  99.000
     18 STA018       170.0000      0.0000      0.0000  1   65.00  99.000
     19 STA019       180.0000      0.0000      0.0000  1   75.00  99.000
     20 STA020       190.0000      0.0000      0.0000  1   85.00  99.000
     21 STA021       200.0000      0.0000      0.0000  1   95.00  99.000
     22 STA022       210.0000      0.0000      0.0000  1  105.00  99.000
     23 STA023       220.0000      0.0000      0.0000  1  115.00  99.000
     24 STA024       230.0000      0.0000      0.0000  1  125.00  99.000
     25 STA025       240.0000      0.0000      0.0000  1  135.00  99.000
        22 1995  4  9  8  8   8.800  110.0000      0.0000 -15.00  3.00   25       122
      1 STA001         0.0000      0.0000      0.0000  1  110.00  99.000
      2 STA002        10.0000      0.0000      0.0000  1  100.00  99.000
      3 STA003        20.0000      0.0000      0.0000  1   90.00  99.000
      4 STA004        30.0000      0.0000      0.0000  1   80.00  99.000
      5 STA005        40.0000      0.0000      0.0000  1   70.00  99.000
      6 STA006        50.0000      0.0000      0.0000  1   60.00  99.000
      7 STA007        60.0000      0.0000      0.0000  1   50.00  99.000
      8 STA008        70.0000      0.0000      0.0000  1   40.00  99.000
      9 STA009        80.0000      0.0000      0.0000  1   30.00  99.000
     10 STA010        90.0000      0.0000      0.0000  1   20.00  99.000
     11 STA011       100.0000      0.0000      0.0000  1   10.00  99.000
     12 STA012       110.0000      0.0000      0.0000  1    0.00  99.000
     13 STA013       120.0000      0.0000      0.0000  1   10.00  99.000
     14 STA014       130.0000      0.0000      0.0000  1   20.00  99.000
     15 STA015       140.0000      0.0000      0.0000  1   30.00  99.000
     16 STA016       150.0000      0.0000      0.0000  1   40.00  99.000
     17 STA017       160.0000      0.0000      0.0000  1   50.00  99.000
     18 STA018       170.0000      0.0000      0.0000  1   60.00  99.000
     19 STA019       180.0000      0.0000      0.0000  1   70.00  99.000
     20 STA020       190.0000      0.0000      0.0000  1   80.00  99.000
     21 STA021       200.0000      0.0000      0.0000  1   90.00  99.000
     22 STA022       210.0000      0.0000      0.0000  1  100.00  99.000
     23 STA023       220.0000      0.0000      0.0000  1  110.00  99.000
     24 STA024       230.0000      0.0000      0.0000  1  120.00  99.000
     25 STA025       240.0000      0.0000      0.0000  1  130.00  99.000
        23 1996  4  9  8  8   8.800  115.0000      0.0000 -15.00  3.00   25       123
      1 STA001         0.0000      0.0000      0.0000  1  115.00  99.000
      2 STA002        10.0000      0.0000      0.0000  1  105.00  99.000
      3 STA003        20.0000      0.0000      0.0000  1   95.00  99.000
      4 STA004        30.0000      0.0000      0.0000  1   85.00  99.000
      5 STA005        40.0000      0.0000      0.0000  1   75.00  99.000
      6 STA006        50.0000      0.0000      0.0000  1   65.00  99.000
      7 STA007        60.0000      0.0000      0.0000  1   55.00  99.000
      8 STA008        70.0000      0.0000      0.0000  1   45.00  99.000
      9 STA009        80.0000      0.0000      0.0000  1   35.00  99.000
     10 STA010        90.0000      0.0000      0.0000  1   25.00  99.000
     11 STA011       100.0000      0.0000      0.0000  1   15.00  99.000
     12 STA012       110.0000      0.0000      0.0000  1    5.00  99.000
     13 STA013       120.0000      0.0000      0.0000  1    5.00  99.000
     14 STA014       130.0000      0.0000      0.0000  1   15.00  99.000
     15 STA015       140.0000      0.0000      0.0000  1   25.00  99.000
     16 STA016       150.0000      0.0000      0.0000  1   35.00  99.000
     17 STA017       160.0000      0.0000      0.0000  1   45.00  99.000
     18 STA018       170.0000      0.0000      0.0000  1   55.00  99.000
     19 STA019       180.0000      0.0000      0.0000  1   65.00  99.000
     20 STA020       190.0000      0.0000      0.0000  1   75.00  99.000
     21 STA021       200.0000      0.0000      0.0000  1   85.00  99.000
     22 STA022       210.0000      0.0000      0.0000  1   95.00  99.000
     23 STA023       220.0000      0.0000      0.0000  1  105.00  99.000
     24 STA024       230.0000      0.0000      0.0000  1  115.00  99.000
     25 STA025       240.0000      0.0000      0.0000  1  125.00  99.000
        24 1997  4  9  8  8   8.800  120.0000      0.0000 -15.00  3.00   25       124
      1 STA001         0.0000      0.0000      0.0000  1  120.00  99.000
      2 STA002        10.0000      0.0000      0.0000  1  110.00  99.000
      3 STA003        20.0000      0.0000      0.0000  1  100.00  99.000
      4 STA004        30.0000      0.0000      0.0000  1   90.00  99.000
      5 STA005        40.0000      0.0000      0.0000  1   80.00  99.000
      6 STA006        50.0000      0.0000      0.0000  1   70.00  99.000
      7 STA007        60.0000      0.0000      0.0000  1   60.00  99.000
      8 STA008        70.0000      0.0000      0.0000  1   50.00  99.000
      9 STA009        80.0000      0.0000      0.0000  1   40.00  99.000
     10 STA010        90.0000      0.0000      0.0000  1   30.00  99.000
     11 STA011       100.0000      0.0000      0.0000  1   20.00  99.000
     12 STA012       110.0000      0.0000      0.0000  1   10.00  99.000
     13 STA013       120.0000      0.0000      0.0000  1    0.00  99.000
     14 STA014       130.0000      0.0000      0.0000  1   10.00  99.000
     15 STA015       140.0000      0.0000      0.0000  1   20.00  99.000
     16 STA016       150.0000      0.0000      0.0000  1   30.00  99.000
     17 STA017       160.0000      0.0000      0.0000  1   40.00  99.000
     18 STA018       170.0000      0.0000      0.0000  1   50.00  99.000
     19 STA019       180.0000      0.0000      0.0000  1   60.00  99.000
     20 STA020       190.0000      0.0000      0.0000  1   70.00  99.000
     21 STA021       200.0000      0.0000      0.0000  1   80.00  99.000
     22 STA022       210.0000      0.0000      0.0000  1   90.00  99.000
     23 STA023       220.0000      0.0000      0.0000  1  100.00  99.000
     24 STA024       230.0000      0.0000      0.0000  1  110.00  99.000
     25 STA025       240.0000      0.0000      0.0000  1  120.00  99.000
        25 1998  4  9  8  8   8.800  125.0000      0.0000 -15.00  3.00   25       125
      1 STA001         0.0000      0.0000      0.0000  1  125.00  99.000
      2 STA002        10.0000      0.0000      0.0000  1  115.00  99.000
      3 STA003        20.0000      0.0000      0.0000  1  105.00  99.000
      4 STA004        30.0000      0.0000      0.0000  1   95.00  99.000
      5 STA005        40.0000      0.0000      0.0000  1   85.00  99.000
      6 STA006        50.0000      0.0000      0.0000  1   75.00  99.000
      7 STA007        60.0000      0.0000      0.0000  1   65.00  99.000
      8 STA008        70.0000      0.0000      0.0000  1   55.00  99.000
      9 STA009        80.0000      0.0000      0.0000  1   45.00  99.000
     10 STA010        90.0000      0.0000      0.0000  1   35.00  99.000
     11 STA011       100.0000      0.0000      0.0000  1   25.00  99.000
     12 STA012       110.0000      0.0000      0.0000  1   15.00  99.000
     13 STA013       120.0000      0.0000      0.0000  1    5.00  99.000
     14 STA014       130.0000      0.0000      0.0000  1    5.00  99.000
     15 STA015       140.0000      0.0000      0.0000  1   15.00  99.000
     16 STA016       150.0000      0.0000      0.0000  1   25.00  99.000
     17 STA017       160.0000      0.0000      0.0000  1   35.00  99.000
     18 STA018       170.0000      0.0000      0.0000  1   45.00  99.000
     19 STA019       180.0000      0.0000      0.0000  1   55.00  99.000
     20 STA020       190.0000      0.0000      0.0000  1   65.00  99.000
     21 STA021       200.0000      0.0000      0.0000  1   75.00  99.000
     22 STA022       210.0000      0.0000      0.0000  1   85.00  99.000
     23 STA023       220.0000      0.0000      0.0000  1   95.00  99.000
     24 STA024       230.0000      0.0000      0.0000  1  105.00  99.000
     25 STA025       240.0000      0.0000      0.0000  1  115.00  99.000
        26 1999  4  9  8  8   8.800  130.0000      0.0000 -15.00  3.00   25       126
      1 STA001         0.0000      0.0000      0.0000  1  130.00  99.000
      2 STA002        10.0000      0.0000      0.0000  1  120.00  99.000
      3 STA003        20.0000      0.0000      0.0000  1  110.00  99.000
      4 STA004        30.0000      0.0000      0.0000  1  100.00  99.000
      5 STA005        40.0000      0.0000      0.0000  1   90.00  99.000
      6 STA006        50.0000      0.0000      0.0000  1   80.00  99.000
      7 STA007        60.0000      0.0000      0.0000  1   70.00  99.000
      8 STA008        70.0000      0.0000      0.0000  1   60.00  99.000
      9 STA009        80.0000      0.0000      0.0000  1   50.00  99.000
     10 STA010        90.0000      0.0000      0.0000  1   40.00  99.000
     11 STA011       100.0000      0.0000      0.0000  1   30.00  99.000
     12 STA012       110.0000      0.0000      0.0000  1   20.00  99.000
     13 STA013       120.0000      0.0000      0.0000  1   10.00  99.000
     14 STA014       130.0000      0.0000      0.0000  1    0.00  99.000
     15 STA015       140.0000      0.0000      0.0000  1   10.00  99.000
     16 STA016       150.0000      0.0000      0.0000  1   20.00  99.000
     17 STA017       160.0000      0.0000      0.0000  1   30.00  99.000
     18 STA018       170.0000      0.0000      0.0000  1   40.00  99.000
     19 STA019       180.0000      0.0000      0.0000  1   50.00  99.000
     20 STA020       190.0000      0.0000      0.0000  1   60.00  99.000
     21 STA021       200.0000      0.0000      0.0000  1   70.00  99.000
     22 STA022       210.0000      0.0000      0.0000  1   80.00  99.000
     23 STA023       220.0000      0.0000      0.0000  1   90.00  99.000
     24 STA024       230.0000      0.0000      0.0000  1  100.00  99.000
     25 STA025       240.0000      0.0000      0.0000  1  110.00  99.000
        27 2000  4  9  8  8   8.800  135.0000      0.0000 -15.00  3.00   25       127
      1 STA001         0.0000      0.0000      0.0000  1  135.00  99.000
      2 STA002        10.0000      0.0000      0.0000  1  125.00  99.000
      3 STA003        20.0000      0.0000      0.0000  1  115.00  99.000
      4 STA004        30.0000      0.0000      0.0000  1  105.00  99.000
      5 STA005        40.0000      0.0000      0.0000  1   95.00  99.000
      6 STA006        50.0000      0.0000      0.0000  1   85.00  99.000
      7 STA007        60.0000      0.0000      0.0000  1   75.00  99.000
      8 STA008        70.0000      0.0000      0.0000  1   65.00  99.000
      9 STA009        80.0000      0.0000      0.0000  1   55.00  99.000
     10 STA010        90.0000      0.0000      0.0000  1   45.00  99.000
     11 STA011       100.0000      0.0000      0.0000  1   35.00  99.000
     12 STA012       110.0000      0.0000      0.0000  1   25.00  99.000
     13 STA013       120.0000      0.0000      0.0000  1   15.00  99.000
     14 STA014       130.0000      0.0000      0.0000  1    5.00  99.000
     15 STA015       140.0000      0.0000      0.0000  1    5.00  99.000
     16 STA016       150.0000      0.0000      0.0000  1   15.00  99.000
     17 STA017       160.0000      0.0000      0.0000  1   25.00  99.000
     18 STA018       170.0000      0.0000      0.0000  1   35.00  99.000
     19 STA019       180.0000      0.0000      0.0000  1   45.00  99.000
     20 STA020       190.0000      0.0000      0.0000  1   55.00  99.000
     21 STA021       200.0000      0.0000      0.0000  1   65.00  99.000
     22 STA022       210.0000      0.0000      0.0000  1   75.00  99.000
     23 STA023       220.0000      0.0000      0.0000  1   85.00  99.000
     24 STA024       230.0000      0.0000      0.0000  1   95.00  99.000
     25 STA025       240.0000      0.0000      0.0000  1  105.00  99.000
        28 2001  4  9  8  8   8.800  140.0000      0.0000 -15.00  3.00   25       128
      1 STA001         0.0000      0.0000      0.0000  1  140.00  99.000
      2 STA002        10.0000      0.0000      0.0000  1  130.00  99.000
      3 STA003        20.0000      0.0000      0.0000  1  120.00  99.000
      4 STA004        30.0000      0.0000      0.0000  1  110.00  99.000
      5 STA005        40.0000      0.0000      0.0000  1  100.00  99.000
      6 STA006        50.0000      0.0000      0.0000  1   90.00  99.000
      7 STA007        60.0000      0.0000      0.0000  1   80.00  99.000
      8 STA008        70.0000      0.0000      0.0000  1   70.00  99.000
      9 STA009        80.0000      0.0000      0.0000  1   60.00  99.000
     10 STA010        90.0000      0.0000      0.0000  1   50.00  99.000
     11 STA011       100.0000      0.0000      0.0000  1   40.00  99.000
     12 STA012       110.0000      0.0000      0.0000  1   30.00  99.000
     13 STA013       120.0000      0.0000      0.0000  1   20.00  99.000
     14 STA014       130.0000      0.0000      0.0000  1   10.00  99.000
     15 STA015       140.0000      0.0000      0.0000  1    0.00  99.000
     16 STA016       150.0000      0.0000      0.0000  1   10.00  99.000
     17 STA017       160.0000      0.0000      0.0000  1   20.00  99.000
     18 STA018       170.0000      0.0000      0.0000  1   30.00  99.000
     19 STA019       180.0000      0.0000      0.0000  1   40.00  99.000
     20 STA020       190.0000      0.0000      0.0000  1   50.00  99.000
     21 STA021       200.0000      0.0000      0.0000  1   60.00  99.000
     22 STA022       210.0000      0.0000      0.0000  1   70.00  99.000
     23 STA023       220.0000      0.0000      0.0000  1   80.00  99.000
     24 STA024       230.0000      0.0000      0.0000  1   90.00  99.000
     25 STA025       240.0000      0.0000      0.0000  1  100.00  99.000
        29 2002  4  9  8  8   8.800  145.0000      0.0000 -15.00  3.00   25       129
      1 STA001         0.0000      0.0000      0.0000  1  145.00  99.000
      2 STA002        10.0000      0.0000      0.0000  1  135.00  99.000
      3 STA003        20.0000      0.0000      0.0000  1  125.00  99.000
      4 STA004        30.0000      0.0000      0.0000  1  115.00  99.000
      5 STA005        40.0000      0.0000      0.0000  1  105.00  99.000
      6 STA006        50.0000      0.0000      0.0000  1   95.00  99.000
      7 STA007        60.0000      0.0000      0.0000  1   85.00  99.000
      8 STA008        70.0000      0.0000      0.0000  1   75.00  99.000
      9 STA009        80.0000      0.0000      0.0000  1   65.00  99.000
     10 STA010        90.0000      0.0000      0.0000  1   55.00  99.000
     11 STA011       100.0000      0.0000      0.0000  1   45.00  99.000
     12 STA012       110.0000      0.0000      0.0000  1   35.00  99.000
     13 STA013       120.0000      0.0000      0.0000  1   25.00  99.000
     14 STA014       130.0000      0.0000      0.0000  1   15.00  99.000
     15 STA015       140.0000      0.0000      0.0000  1    5.00  99.000
     16 STA016       150.0000      0.0000      0.0000  1    5.00  99.000
     17 STA017       160.0000      0.0000      0.0000  1   15.00  99.000
     18 STA018       170.0000      0.0000      0.0000  1   25.00  99.000
     19 STA019       180.0000      0.0000      0.0000  1   35.00  99.000
     20 STA020       190.0000      0.0000      0.0000  1   45.00  99.000
     21 STA021       200.0000      0.0000      0.0000  1   55.00  99.000
     22 STA022       210.0000      0.0000      0.0000  1   65.00  99.000
     23 STA023       220.0000      0.0000      0.0000  1   75.00  99.000
     24 STA024       230.0000      0.0000      0.0000  1   85.00  99.000
     25 STA025       240.0000      0.0000      0.0000  1   95.00  99.000
        30 2003  4  9  8  8   8.800  150.0000      0.0000 -15.00  3.00   25       130
      1 STA001         0.0000      0.0000      0.0000  1  150.00  99.000
      2 STA002        10.0000      0.0000      0.0000  1  140.00  99.000
      3 STA003        20.0000      0.0000      0.0000  1  130.00  99.000
      4 STA004        30.0000      0.0000      0.0000  1  120.00  99.000
      5 STA005        40.0000      0.0000      0.0000  1  110.00  99.000
      6 STA006        50.0000      0.0000      0.0000  1  100.00  99.000
      7 STA007        60.0000      0.0000      0.0000  1   90.00  99.000
      8 STA008        70.0000      0.0000      0.0000  1   80.00  99.000
      9 STA009        80.0000      0.0000      0.0000  1   70.00  99.000
     10 STA010        90.0000      0.0000      0.0000  1   60.00  99.000
     11 STA011       100.0000      0.0000      0.0000  1   50.00  99.000
     12 STA012       110.0000      0.0000      0.0000  1   40.00  99.000
     13 STA013       120.0000      0.0000      0.0000  1   30.00  99.000
     14 STA014       130.0000      0.0000      0.0000  1   20.00  99.000
     15 STA015       140.0000      0.0000      0.0000  1   10.00  99.000
     16 STA016       150.0000      0.0000      0.0000  1    0.00  99.000
     17 STA017       160.0000      0.0000      0.0000  1   10.00  99.000
     18 STA018       170.0000      0.0000      0.0000  1   20.00  99.000
     19 STA019       180.0000      0.0000      0.0000  1   30.00  99.000
     20 STA020       190.0000      0.0000      0.0000  1   40.00  99.000
     21 STA021       200.0000      0.0000      0.0000  1   50.00  99.000
     22 STA022       210.0000      0.0000      0.0000  1   60.00  99.000
     23 STA023       220.0000      0.0000      0.0000  1   70.00  99.000
     24 STA024       230.0000      0.0000      0.0000  1   80.00  99.000
     25 STA025       240.0000      0.0000      0.0000  1   90.00  99.000
        31 2004  4  9  8  8   8.800  155.0000      0.0000 -15.00  3.00   25       131
      1 STA001         0.0000      0.0000      0.0000  1  155.00  99.000
      2 STA002        10.0000      0.0000      0.0000  1  145.00  99.000
      3 STA003        20.0000      0.0000      0.0000  1  135.00  99.000
      4 STA004        30.0000      0.0000      0.0000  1  125.00  99.000
      5 STA005        40.0000      0.0000      0.0000  1  115.00  99.000
      6 STA006        50.0000      0.0000      0.0000  1  105.00  99.000
      7 STA007        60.0000      0.0000      0.0000  1   95.00  99.000
      8 STA008        70.0000      0.0000      0.0000  1   85.00  99.000
      9 STA009        80.0000      0.0000      0.0000  1   75.00  99.000
     10 STA010        90.0000      0.0000      0.0000  1   65.00  99.000
     11 STA011       100.0000      0.0000      0.0000  1   55.00  99.000
     12 STA012       110.0000      0.0000      0.0000  1   45.00  99.000
     13 STA013       120.0000      0.0000      0.0000  1   35.00  99.000
     14 STA014       130.0000      0.0000      0.0000  1   25.00  99.000
     15 STA015       140.0000      0.0000      0.0000  1   15.00  99.000
     16 STA016       150.0000      0.0000      0.0000  1    5.00  99.000
     17 STA017       160.0000      0.0000      0.0000  1    5.00  99.000
     18 STA018       170.0000      0.0000      0.0000  1   15.00  99.000
     19 STA019       180.0000      0.0000      0.0000  1   25.00  99.000
     20 STA020       190.0000      0.0000      0.0000  1   35.00  99.000
     21 STA021       200.0000      0.0000      0.0000  1   45.00  99.000
     22 STA022       210.0000      0.0000      0.0000  1   55.00  99.000
     23 STA023       220.0000      0.0000      0.0000  1   65.00  99.000
     24 STA024       230.0000      0.0000      0.0000  1   75.00  99.000
     25 STA025       240.0000      0.0000      0.0000  1   85.00  99.000
        32 2005  4  9  8  8   8.800  160.0000      0.0000 -15.00  3.00   25       132
      1 STA001         0.0000      0.0000      0.0000  1  160.00  99.000
      2 STA002        10.0000      0.0000      0.0000  1  150.00  99.000
      3 STA003        20.0000      0.0000      0.0000  1  140.00  99.000
      4 STA004        30.0000      0.0000      0.0000  1  130.00  99.000
      5 STA005        40.0000      0.0000      0.0000  1  120.00  99.000
      6 STA006        50.0000      0.0000      0.0000  1  110.00  99.000
      7 STA007        60.0000      0.0000      0.0000  1  100.00  99.000
      8 STA008        70.0000      0.0000      0.0000  1   90.00  99.000
      9 STA009        80.0000      0.0000      0.0000  1   80.00  99.000
     10 STA010        90.0000      0.0000      0.0000  1   70.00  99.000
     11 STA011       100.0000      0.0000      0.0000  1   60.00  99.000
     12 STA012       110.0000      0.0000      0.0000  1   50.00  99.000
     13 STA013       120.0000      0.0000      0.0000  1   40.00  99.000
     14 STA014       130.0000      0.0000      0.0000  1   30.00  99.000
     15 STA015       140.0000      0.0000      0.0000  1   20.00  99.000
     16 STA016       150.0000      0.0000      0.0000  1   10.00  99.000
     17 STA017       160.0000      0.0000      0.0000  1    0.00  99.000
     18 STA018       170.0000      0.0000      0.0000  1   10.00  99.000
     19 STA019       180.0000      0.0000      0.0000  1   20.00  99.000
     20 STA020       190.0000      0.0000      0.0000  1   30.00  99.000
     21 STA021       200.0000      0.0000      0.0000  1   40.00  99.000
     22 STA022       210.0000      0.0000      0.0000  1   50.00  99.000
     23 STA023       220.0000      0.0000      0.0000  1   60.00  99.000
     24 STA024       230.0000      0.0000      0.0000  1   70.00  99.000
     25 STA025       240.0000      0.0000      0.0000  1   80.00  99.000
        33 2006  4  9  8  8   8.800  165.0000      0.0000 -15.00  3.00   25       133
      1 STA001         0.0000      0.0000      0.0000  1  165.00  99.000
      2 STA002        10.0000      0.0000      0.0000  1  155.00  99.000
      3 STA003        20.0000      0.0000      0.0000  1  145.00  99.000
      4 STA004        30.0000      0.0000      0.0000  1  135.00  99.000
      5 STA005        40.0000      0.0000      0.0000  1  125.00  99.000
      6 STA006        50.0000      0.0000      0.0000  1  115.00  99.000
      7 STA007        60.0000      0.0000      0.0000  1  105.00  99.000
      8 STA008        70.0000      0.0000      0.0000  1   95.00  99.000
      9 STA009        80.0000      0.0000      0.0000  1   85.00  99.000
     10 STA010        90.0000      0.0000      0.0000  1   75.00  99.000
     11 STA011       100.0000      0.0000      0.0000  1   65.00  99.000
     12 STA012       110.0000      0.0000      0.0000  1   55.00  99.000
     13 STA013       120.0000      0.0000      0.0000  1   45.00  99.000
     14 STA014       130.0000      0.0000      0.0000  1   35.00  99.000
     15 STA015       140.0000      0.0000      0.0000  1   25.00  99.000
     16 STA016       150.0000      0.0000      0.0000  1   15.00  99.000
     17 STA017       160.0000      0.0000      0.0000  1    5.00  99.000
     18 STA018       170.0000      0.0000      0.0000  1    5.00  99.000
     19 STA019       180.0000      0.0000      0.0000  1   15.00  99.000
     20 STA020       190.0000      0.0000      0.0000  1   25.00  99.000
     21 STA021       200.0000      0.0000      0.0000  1   35.00  99.000
     22 STA022       210.0000      0.0000      0.0000  1   45.00  99.000
     23 STA023       220.0000      0.0000      0.0000  1   55.00  99.000
     24 STA024       230.0000      0.0000      0.0000  1   65.00  99.000
     25 STA025       240.0000      0.0000      0.0000  1   75.00  99.000
        34 2007  4  9  8  8   8.800  170.0000      0.0000 -15.00  3.00   25       134
      1 STA001         0.0000      0.0000      0.0000  1  170.00  99.000
      2 STA002        10.0000      0.0000      0.0000  1  160.00  99.000
      3 STA003        20.0000      0.0000      0.0000  1  150.00  99.000
      4 STA004        30.0000      0.0000      0.0000  1  140.00  99.000
      5 STA005        40.0000      0.0000      0.0000  1  130.00  99.000
      6 STA006        50.0000      0.0000      0.0000  1  120.00  99.000
      7 STA007        60.0000      0.0000      0.0000  1  110.00  99.000
      8 STA008        70.0000      0.0000      0.0000  1  100.00  99.000
      9 STA009        80.0000      0.0000      0.0000  1   90.00  99.000
     10 STA010        90.0000      0.0000      0.0000  1   80.00  99.000
     11 STA011       100.0000      0.0000      0.0000  1   70.00  99.000
     12 STA012       110.0000      0.0000      0.0000  1   60.00  99.000
     13 STA013       120.0000      0.0000      0.0000  1   50.00  99.000
     14 STA014       130.0000      0.0000      0.0000  1   40.00  99.000
     15 STA015       140.0000      0.0000      0.0000  1   30.00  99.000
     16 STA016       150.0000      0.0000      0.0000  1   20.00  99.000
     17 STA017       160.0000      0.0000      0.0000  1   10.00  99.000
     18 STA018       170.0000      0.0000      0.0000  1    0.00  99.000
     19 STA019       180.0000      0.0000      0.0000  1   10.00  99.000
     20 STA020       190.0000      0.0000      0.0000  1   20.00  99.000
     21 STA021       200.0000      0.0000      0.0000  1   30.00  99.000
     22 STA022       210.0000      0.0000      0.0000  1   40.00  99.000
     23 STA023       220.0000      0.0000      0.0000  1   50.00  99.000
     24 STA024       230.0000      0.0000      0.0000  1   60.00  99.000
     25 STA025       240.0000      0.0000      0.0000  1   70.00  99.000
        35 2008  4  9  8  8   8.800  175.0000      0.0000 -15.00  3.00   25       135
      1 STA001         0.0000      0.0000      0.0000  1  175.00  99.000
      2 STA002        10.0000      0.0000      0.0000  1  165.00  99.000
      3 STA003        20.0000      0.0000      0.0000  1  155.00  99.000
      4 STA004        30.0000      0.0000      0.0000  1  145.00  99.000
      5 STA005        40.0000      0.0000      0.0000  1  135.00  99.000
      6 STA006        50.0000      0.0000      0.0000  1  125.00  99.000
      7 STA007        60.0000      0.0000      0.0000  1  115.00  99.000
      8 STA008        70.0000      0.0000      0.0000  1  105.00  99.000
      9 STA009        80.0000      0.0000      0.0000  1   95.00  99.000
     10 STA010        90.0000      0.0000      0.0000  1   85.00  99.000
     11 STA011       100.0000      0.0000      0.0000  1   75.00  99.000
     12 STA012       110.0000      0.0000      0.0000  1   65.00  99.000
     13 STA013       120.0000      0.0000      0.0000  1   55.00  99.000
     14 STA014       130.0000      0.0000      0.0000  1   45.00  99.000
     15 STA015       140.0000      0.0000      0.0000  1   35.00  99.000
     16 STA016       150.0000      0.0000      0.0000  1   25.00  99.000
     17 STA017       160.0000      0.0000      0.0000  1   15.00  99.000
     18 STA018       170.0000      0.0000      0.0000  1    5.00  99.000
     19 STA019       180.0000      0.0000      0.0000  1    5.00  99.000
     20 STA020       190.0000      0.0000      0.0000  1   15.00  99.000
     21 STA021       200.0000      0.0000      0.0000  1   25.00  99.000
     22 STA022       210.0000      0.0000      0.0000  1   35.00  99.000
     23 STA023       220.0000      0.0000      0.0000  1   45.00  99.000
     24 STA024       230.0000      0.0000      0.0000  1   55.00  99.000
     25 STA025       240.0000      0.0000      0.0000  1   65.00  99.000
        36 2009  4  9  8  8   8.800  180.0000      0.0000 -15.00  3.00   25       136
      1 STA001         0.0000      0.0000      0.0000  1  180.00  99.000
      2 STA002        10.0000      0.0000      0.0000  1  170.00  99.000
      3 STA003        20.0000      0.0000      0.0000  1  160.00  99.000
      4 STA004        30.0000      0.0000      0.0000  1  150.00  99.000
      5 STA005        40.0000      0.0000      0.0000  1  140.00  99.000
      6 STA006        50.0000      0.0000      0.0000  1  130.00  99.000
      7 STA007        60.0000      0.0000      0.0000  1  120.00  99.000
      8 STA008        70.0000      0.0000      0.0000  1  110.00  99.000
      9 STA009        80.0000      0.0000      0.0000  1  100.00  99.000
     10 STA010        90.0000      0.0000      0.0000  1   90.00  99.000
     11 STA011       100.0000      0.0000      0.0000  1   80.00  99.000
     12 STA012       110.0000      0.0000      0.0000  1   70.00  99.000
     13 STA013       120.0000      0.0000      0.0000  1   60.00  99.000
     14 STA014       130.0000      0.0000      0.0000  1   50.00  99.000
     15 STA015       140.0000      0.0000      0.0000  1   40.00  99.000
     16 STA016       150.0000      0.0000      0.0000  1   30.00  99.000
     17 STA017       160.0000      0.0000      0.0000  1   20.00  99.000
     18 STA018       170.0000      0.0000      0.0000  1   10.00  99.000
     19 STA019       180.0000      0.0000      0.0000  1    0.00  99.000
     20 STA020       190.0000      0.0000      0.0000  1   10.00  99.000
     21 STA021       200.0000      0.0000      0.0000  1   20.00  99.000
     22 STA022       210.0000      0.0000      0.0000  1   30.00  99.000
     23 STA023       220.0000      0.0000      0.0000  1   40.00  99.000
     24 STA024       230.0000      0.0000      0.0000  1   50.00  99.000
     25 STA025       240.0000      0.0000      0.0000  1   60.00  99.000
        37 2010  4  9  8  8   8.800  185.0000      0.0000 -15.00  3.00   25       137
      1 STA001         0.0000      0.0000      0.0000  1  185.00  99.000
      2 STA002        10.0000      0.0000      0.0000  1  175.00  99.000
      3 STA003        20.0000      0.0000      0.0000  1  165.00  99.000
      4 STA004        30.0000      0.0000      0.0000  1  155.00  99.000
      5 STA005        40.0000      0.0000      0.0000  1  145.00  99.000
      6 STA006        50.0000      0.0000      0.0000  1  135.00  99.000
      7 STA007        60.0000      0.0000      0.0000  1  125.00  99.000
      8 STA008        70.0000      0.0000      0.0000  1  115.00  99.000
      9 STA009        80.0000      0.0000      0.0000  1  105.00  99.000
     10 STA010        90.0000      0.0000      0.0000  1   95.00  99.000
     11 STA011       100.0000      0.0000      0.0000  1   85.00  99.000
     12 STA012       110.0000      0.0000      0.0000  1   75.00  99.000
     13 STA013       120.0000      0.0000      0.0000  1   65.00  99.000
     14 STA014       130.0000      0.0000      0.0000  1   55.00  99.000
     15 STA015       140.0000      0.0000      0.0000  1   45.00  99.000
     16 STA016       150.0000      0.0000      0.0000  1   35.00  99.000
     17 STA017       160.0000      0.0000      0.0000  1   25.00  99.000
     18 STA018       170.0000      0.0000      0.0000  1   15.00  99.000
     19 STA019       180.0000      0.0000      0.0000  1    5.00  99.000
     20 STA020       190.0000      0.0000      0.0000  1    5.00  99.000
     21 STA021       200.0000      0.0000      0.0000  1   15.00  99.000
     22 STA022       210.0000      0.0000      0.0000  1   25.00  99.000
     23 STA023       220.0000      0.0000      0.0000  1   35.00  99.000
     24 STA024       230.0000      0.0000      0.0000  1   45.00  99.000
     25 STA025       240.0000      0.0000      0.0000  1   55.00  99.000
        38 2011  4  9  8  8   8.800  190.0000      0.0000 -15.00  3.00   25       138
      1 STA001         0.0000      0.0000      0.0000  1  190.00  99.000
      2 STA002        10.0000      0.0000      0.0000  1  180.00  99.000
      3 STA003        20.0000      0.0000      0.0000  1  170.00  99.000
      4 STA004        30.0000      0.0000      0.0000  1  160.00  99.000
      5 STA005        40.0000      0.0000      0.0000  1  150.00  99.000
      6 STA006        50.0000      0.0000      0.0000  1  140.00  99.000
      7 STA007        60.0000      0.0000      0.0000  1  130.00  99.000
      8 STA008        70.0000      0.0000      0.0000  1  120.00  99.000
      9 STA009        80.0000      0.0000      0.0000  1  110.00  99.000
     10 STA010        90.0000      0.0000      0.0000  1  100.00  99.000
     11 STA011       100.0000      0.0000      0.0000  1   90.00  99.000
     12 STA012       110.0000      0.0000      0.0000  1   80.00  99.000
     13 STA013       120.0000      0.0000      0.0000  1   70.00  99.000
     14 STA014       130.0000      0.0000      0.0000  1   60.00  99.000
     15 STA015       140.0000      0.0000      0.0000  1   50.00  99.000
     16 STA016       150.0000      0.0000      0.0000  1   40.00  99.000
     17 STA017       160.0000      0.0000      0.0000  1   30.00  99.000
     18 STA018       170.0000      0.0000      0.0000  1   20.00  99.000
     19 STA019       180.0000      0.0000      0.0000  1   10.00  99.000
     20 STA020       190.0000      0.0000      0.0000  1    0.00  99.000
     21 STA021       200.0000      0.0000      0.0000  1   10.00  99.000
     22 STA022       210.0000      0.0000      0.0000  1   20.00  99.000
     23 STA023       220.0000      0.0000      0.0000  1   30.00  99.000
     24 STA024       230.0000      0.0000      0.0000  1   40.00  99.000
     25 STA025       240.0000      0.0000      0.0000  1   50.00  99.000
        39 2012  4  9  8  8   8.800  195.0000      0.0000 -15.00  3.00   25       139
      1 STA001         0.0000      0.0000      0.0000  1  195.00  99.000
      2 STA002        10.0000      0.0000      0.0000  1  185.00  99.000
      3 STA003        20.0000      0.0000      0.0000  1  175.00  99.000
      4 STA004        30.0000      0.0000      0.0000  1  165.00  99.000
      5 STA005        40.0000      0.0000      0.0000  1  155.00  99.000
      6 STA006        50.0000      0.0000      0.0000  1  145.00  99.000
      7 STA007        60.0000      0.0000      0.0000  1  135.00  99.000
      8 STA008        70.0000      0.0000      0.0000  1  125.00  99.000
      9 STA009        80.0000      0.0000      0.0000  1  115.00  99.000
     10 STA010        90.0000      0.0000      0.0000  1  105.00  99.000
     11 STA011       100.0000      0.0000      0.0000  1   95.00  99.000
     12 STA012       110.0000      0.0000      0.0000  1   85.00  99.000
     13 STA013       120.0000      0.0000      0.0000  1   75.00  99.000
     14 STA014       130.0000      0.0000      0.0000  1   65.00  99.000
     15 STA015       140.0000      0.0000      0.0000  1   55.00  99.000
     16 STA016       150.0000      0.0000      0.0000  1   45.00  99.000
     17 STA017       160.0000      0.0000      0.0000  1   35.00  99.000
     18 STA018       170.0000      0.0000      0.0000  1   25.00  99.000
     19 STA019       180.0000      0.0000      0.0000  1   15.00  99.000
     20 STA020       190.0000      0.0000      0.0000  1    5.00  99.000
     21 STA021       200.0000      0.0000      0.0000  1    5.00  99.000
     22 STA022       210.0000      0.0000      0.0000  1   15.00  99.000
     23 STA023       220.0000      0.0000      0.0000  1   25.00  99.000
     24 STA024       230.0000      0.0000      0.0000  1   35.00  99.000
     25 STA025       240.0000      0.0000      0.0000  1   45.00  99.000
        40 2013  4  9  8  8   8.800  200.0000      0.0000 -15.00  3.00   25       140
      1 STA001         0.0000      0.0000      0.0000  1  200.00  99.000
      2 STA002        10.0000      0.0000      0.0000  1  190.00  99.000
      3 STA003        20.0000      0.0000      0.0000  1  180.00  99.000
      4 STA004        30.0000      0.0000      0.0000  1  170.00  99.000
      5 STA005        40.0000      0.0000      0.0000  1  160.00  99.000
      6 STA006        50.0000      0.0000      0.0000  1  150.00  99.000
      7 STA007        60.0000      0.0000      0.0000  1  140.00  99.000
      8 STA008        70.0000      0.0000      0.0000  1  130.00  99.000
      9 STA009        80.0000      0.0000      0.0000  1  120.00  99.000
     10 STA010        90.0000      0.0000      0.0000  1  110.00  99.000
     11 STA011       100.0000      0.0000      0.0000  1  100.00  99.000
     12 STA012       110.0000      0.0000      0.0000  1   90.00  99.000
     13 STA013       120.0000      0.0000      0.0000  1   80.00  99.000
     14 STA014       130.0000      0.0000      0.0000  1   70.00  99.000
     15 STA015       140.0000      0.0000      0.0000  1   60.00  99.000
     16 STA016       150.0000      0.0000      0.0000  1   50.00  99.000
     17 STA017       160.0000      0.0000      0.0000  1   40.00  99.000
     18 STA018       170.0000      0.0000      0.0000  1   30.00  99.000
     19 STA019       180.0000      0.0000      0.0000  1   20.00  99.000
     20 STA020       190.0000      0.0000      0.0000  1   10.00  99.000
     21 STA021       200.0000      0.0000      0.0000  1    0.00  99.000
     22 STA022       210.0000      0.0000      0.0000  1   10.00  99.000
     23 STA023       220.0000      0.0000      0.0000  1   20.00  99.000
     24 STA024       230.0000      0.0000      0.0000  1   30.00  99.000
     25 STA025       240.0000      0.0000      0.0000  1   40.00  99.000
        41 2014  4  9  8  8   8.800  205.0000      0.0000 -15.00  3.00   25       141
      1 STA001         0.0000      0.0000      0.0000  1  205.00  99.000
      2 STA002        10.0000      0.0000      0.0000  1  195.00  99.000
      3 STA003        20.0000      0.0000      0.0000  1  185.00  99.000
      4 STA004        30.0000      0.0000      0.0000  1  175.00  99.000
      5 STA005        40.0000      0.0000      0.0000  1  165.00  99.000
      6 STA006        50.0000      0.0000      0.0000  1  155.00  99.000
      7 STA007        60.0000      0.0000      0.0000  1  145.00  99.000
      8 STA008        70.0000      0.0000      0.0000  1  135.00  99.000
      9 STA009        80.0000      0.0000      0.0000  1  125.00  99.000
     10 STA010        90.0000      0.0000      0.0000  1  115.00  99.000
     11 STA011       100.0000      0.0000      0.0000  1  105.00  99.000
     12 STA012       110.0000      0.0000      0.0000  1   95.00  99.000
     13 STA013       120.0000      0.0000      0.0000  1   85.00  99.000
     14 STA014       130.0000      0.0000      0.0000  1   75.00  99.000
     15 STA015       140.0000      0.0000      0.0000  1   65.00  99.000
     16 STA016       150.0000      0.0000      0.0000  1   55.00  99.000
     17 STA017       160.0000      0.0000      0.0000  1   45.00  99.000
     18 STA018       170.0000      0.0000      0.0000  1   35.00  99.000
     19 STA019       180.0000      0.0000      0.0000  1   25.00  99.000
     20 STA020       190.0000      0.0000      0.0000  1   15.00  99.000
     21 STA021       200.0000      0.0000      0.0000  1    5.00  99.000
     22 STA022       210.0000      0.0000      0.0000  1    5.00  99.000
     23 STA023       220.0000      0.0000      0.0000  1   15.00  99.000
     24 STA024       230.0000      0.0000      0.0000  1   25.00  99.000
     25 STA025       240.0000      0.0000      0.0000  1   35.00  99.000
        42 2015  4  9  8  8   8.800  210.0000      0.0000 -15.00  3.00   25       142
      1 STA001         0.0000      0.0000      0.0000  1  210.00  99.000
      2 STA002        10.0000      0.0000      0.0000  1  200.00  99.000
      3 STA003        20.0000      0.0000      0.0000  1  190.00  99.000
      4 STA004        30.0000      0.0000      0.0000  1  180.00  99.000
      5 STA005        40.0000      0.0000      0.0000  1  170.00  99.000
      6 STA006        50.0000      0.0000      0.0000  1  160.00  99.000
      7 STA007        60.0000      0.0000      0.0000  1  150.00  99.000
      8 STA008        70.0000      0.0000      0.0000  1  140.00  99.000
      9 STA009        80.0000      0.0000      0.0000  1  130.00  99.000
     10 STA010        90.0000      0.0000      0.0000  1  120.00  99.000
     11 STA011       100.0000      0.0000      0.0000  1  110.00  99.000
     12 STA012       110.0000      0.0000      0.0000  1  100.00  99.000
     13 STA013       120.0000      0.0000      0.0000  1   90.00  99.000
     14 STA014       130.0000      0.0000      0.0000  1   80.00  99.000
     15 STA015       140.0000      0.0000      0.0000  1   70.00  99.000
     16 STA016       150.0000      0.0000      0.0000  1   60.00  99.000
     17 STA017       160.0000      0.0000      0.0000  1   50.00  99.000
     18 STA018       170.0000      0.0000      0.0000  1   40.00  99.000
     19 STA019       180.0000      0.0000      0.0000  1   30.00  99.000
     20 STA020       190.0000      0.0000      0.0000  1   20.00  99.000
     21 STA021       200.0000      0.0000      0.0000  1   10.00  99.000
     22 STA022       210.0000      0.0000      0.0000  1    0.00  99.000
     23 STA023       220.0000      0.0000      0.0000  1   10.00  99.000
     24 STA024       230.0000      0.0000      0.0000  1   20.00  99.000
     25 STA025       240.0000      0.0000      0.0000  1   30.00  99.000
        43 2016  4  9  8  8   8.800  215.0000      0.0000 -15.00  3.00   25       143
      1 STA001         0.0000      0.0000      0.0000  1  215.00  99.000
      2 STA002        10.0000      0.0000      0.0000  1  205.00  99.000
      3 STA003        20.0000      0.0000      0.0000  1  195.00  99.000
      4 STA004        30.0000      0.0000      0.0000  1  185.00  99.000
      5 STA005        40.0000      0.0000      0.0000  1  175.00  99.000
      6 STA006        50.0000      0.0000      0.0000  1  165.00  99.000
      7 STA007        60.0000      0.0000      0.0000  1  155.00  99.000
      8 STA008        70.0000      0.0000      0.0000  1  145.00  99.000
      9 STA009        80.0000      0.0000      0.0000  1  135.00  99.000
     10 STA010        90.0000      0.0000      0.0000  1  125.00  99.000
     11 STA011       100.0000      0.0000      0.0000  1  115.00  99.000
     12 STA012       110.0000      0.0000      0.0000  1  105.00  99.000
     13 STA013       120.0000      0.0000      0.0000  1   95.00  99.000
     14 STA014       130.0000      0.0000      0.0000  1   85.00  99.000
     15 STA015       140.0000      0.0000      0.0000  1   75.00  99.000
     16 STA016       150.0000      0.0000      0.0000  1   65.00  99.000
     17 STA017       160.0000      0.0000      0.0000  1   55.00  99.000
     18 STA018       170.0000      0.0000      0.0000  1   45.00  99.000
     19 STA019       180.0000      0.0000      0.0000  1   35.00  99.000
     20 STA020       190.0000      0.0000      0.0000  1   25.00  99.000
     21 STA021       200.0000      0.0000      0.0000  1   15.00  99.000
     22 STA022       210.0000      0.0000      0.0000  1    5.00  99.000
     23 STA023       220.0000      0.0000      0.0000  1    5.00  99.000
     24 STA024       230.0000      0.0000      0.0000  1   15.00  99.000
     25 STA025       240.0000      0.0000      0.0000  1   25.00  99.000
        44 2017  4  9  8  8   8.800  220.0000      0.0000 -15.00  3.00   25       144
      1 STA001         0.0000      0.0000      0.0000  1  220.00  99.000
      2 STA002        10.0000      0.0000      0.0000  1  210.00  99.000
      3 STA003        20.0000      0.0000      0.0000  1  200.00  99.000
      4 STA004        30.0000      0.0000      0.0000  1  190.00  99.000
      5 STA005        40.0000      0.0000      0.0000  1  180.00  99.000
      6 STA006        50.0000      0.0000      0.0000  1  170.00  99.000
      7 STA007        60.0000      0.0000      0.0000  1  160.00  99.000
      8 STA008        70.0000      0.0000      0.0000  1  150.00  99.000
      9 STA009        80.0000      0.0000      0.0000  1  140.00  99.000
     10 STA010        90.0000      0.0000      0.0000  1  130.00  99.000
     11 STA011       100.0000      0.0000      0.0000  1  120.00  99.000
     12 STA012       110.0000      0.0000      0.0000  1  110.00  99.000
     13 STA013       120.0000      0.0000      0.0000  1  100.00  99.000
     14 STA014       130.0000      0.0000      0.0000  1   90.00  99.000
     15 STA015       140.0000      0.0000      0.0000  1   80.00  99.000
     16 STA016       150.0000      0.0000      0.0000  1   70.00  99.000
     17 STA017       160.0000      0.0000      0.0000  1   60.00  99.000
     18 STA018       170.0000      0.0000      0.0000  1   50.00  99.000
     19 STA019       180.0000      0.0000      0.0000  1   40.00  99.000
     20 STA020       190.0000      0.0000      0.0000  1   30.00  99.000
     21 STA021       200.0000      0.0000      0.0000  1   20.00  99.000
     22 STA022       210.0000      0.0000      0.0000  1   10.00  99.000
     23 STA023       220.0000      0.0000      0.0000  1    0.00  99.000
     24 STA024       230.0000      0.0000      0.0000  1   10.00  99.000
     25 STA025       240.0000      0.0000      0.0000  1   20.00  99.000
        45 2018  4  9  8  8   8.800  225.0000      0.0000 -15.00  3.00   25       145
      1 STA001         0.0000      0.0000      0.0000  1  225.00  99.000
      2 STA002        10.0000      0.0000      0.0000  1  215.00  99.000
      3 STA003        20.0000      0.0000      0.0000  1  205.00  99.000
      4 STA004        30.0000      0.0000      0.0000  1  195.00  99.000
      5 STA005        40.0000      0.0000      0.0000  1  185.00  99.000
      6 STA006        50.0000      0.0000      0.0000  1  175.00  99.000
      7 STA007        60.0000      0.0000      0.0000  1  165.00  99.000
      8 STA008        70.0000      0.0000      0.0000  1  155.00  99.000
      9 STA009        80.0000      0.0000      0.0000  1  145.00  99.000
     10 STA010        90.0000      0.0000      0.0000  1  135.00  99.000
     11 STA011       100.0000      0.0000      0.0000  1  125.00  99.000
     12 STA012       110.0000      0.0000      0.0000  1  115.00  99.000
     13 STA013       120.0000      0.0000      0.0000  1  105.00  99.000
     14 STA014       130.0000      0.0000      0.0000  1   95.00  99.000
     15 STA015       140.0000      0.0000      0.0000  1   85.00  99.000
     16 STA016       150.0000      0.0000      0.0000  1   75.00  99.000
     17 STA017       160.0000      0.0000      0.0000  1   65.00  99.000
     18 STA018       170.0000      0.0000      0.0000  1   55.00  99.000
     19 STA019       180.0000      0.0000      0.0000  1   45.00  99.000
     20 STA020       190.0000      0.0000      0.0000  1   35.00  99.000
     21 STA021       200.0000      0.0000      0.0000  1   25.00  99.000
     22 STA022       210.0000      0.0000      0.0000  1   15.00  99.000
     23 STA023       220.0000      0.0000      0.0000  1    5.00  99.000
     24 STA024       230.0000      0.0000      0.0000  1    5.00  99.000
     25 STA025       240.0000      0.0000      0.0000  1   15.00  99.000
        46 2019  4  9  8  8   8.800  230.0000      0.0000 -15.00  3.00   25       146
      1 STA001         0.0000      0.0000      0.0000  1  230.00  99.000
      2 STA002        10.0000      0.0000      0.0000  1  220.00  99.000
      3 STA003        20.0000      0.0000      0.0000  1  210.00  99.000
      4 STA004        30.0000      0.0000      0.0000  1  200.00  99.000
      5 STA005        40.0000      0.0000      0.0000  1  190.00  99.000
      6 STA006        50.0000      0.0000      0.0000  1  180.00  99.000
      7 STA007        60.0000      0.0000      0.0000  1  170.00  99.000
      8 STA008        70.0000      0.0000      0.0000  1  160.00  99.000
      9 STA009        80.0000      0.0000      0.0000  1  150.00  99.000
     10 STA010        90.0000      0.0000      0.0000  1  140.00  99.000
     11 STA011       100.0000      0.0000      0.0000  1  130.00  99.000
     12 STA012       110.0000      0.0000      0.0000  1  120.00  99.000
     13 STA013       120.0000      0.0000      0.0000  1  110.00  99.000
     14 STA014       130.0000      0.0000      0.0000  1  100.00  99.000
     15 STA015       140.0000      0.0000      0.0000  1   90.00  99.000
     16 STA016       150.0000      0.0000      0.0000  1   80.00  99.000
     17 STA017       160.0000      0.0000      0.0000  1   70.00  99.000
     18 STA018       170.0000      0.0000      0.0000  1   60.00  99.000
     19 STA019       180.0000      0.0000      0.0000  1   50.00  99.000
     20 STA020       190.0000      0.0000      0.0000  1   40.00  99.000
     21 STA021       200.0000      0.0000      0.0000  1   30.00  99.000
     22 STA022       210.0000      0.0000      0.0000  1   20.00  99.000
     23 STA023       220.0000      0.0000      0.0000  1   10.00  99.000
     24 STA024       230.0000      0.0000      0.0000  1    0.00  99.000
     25 STA025       240.0000      0.0000      0.0000  1   10.00  99.000
        47 2020  4  9  8  8   8.800  235.0000      0.0000 -15.00  3.00   25       147
      1 STA001         0.0000      0.0000      0.0000  1  235.00  99.000
      2 STA002        10.0000      0.0000      0.0000  1  225.00  99.000
      3 STA003        20.0000      0.0000      0.0000  1  215.00  99.000
      4 STA004        30.0000      0.0000      0.0000  1  205.00  99.000
      5 STA005        40.0000      0.0000      0.0000  1  195.00  99.000
      6 STA006        50.0000      0.0000      0.0000  1  185.00  99.000
      7 STA007        60.0000      0.0000      0.0000  1  175.00  99.000
      8 STA008        70.0000      0.0000      0.0000  1  165.00  99.000
      9 STA009        80.0000      0.0000      0.0000  1  155.00  99.000
     10 STA010        90.0000      0.0000      0.0000  1  145.00  99.000
     11 STA011       100.0000      0.0000      0.0000  1  135.00  99.000
     12 STA012       110.0000      0.0000      0.0000  1  125.00  99.000
     13 STA013       120.0000      0.0000      0.0000  1  115.00  99.000
     14 STA014       130.0000      0.0000      0.0000  1  105.00  99.000
     15 STA015       140.0000      0.0000      0.0000  1   95.00  99.000
     16 STA016       150.0000      0.0000      0.0000  1   85.00  99.000
     17 STA017       160.0000      0.0000      0.0000  1   75.00  99.000
     18 STA018       170.0000      0.0000      0.0000  1   65.00  99.000
     19 STA019       180.0000      0.0000      0.0000  1   55.00  99.000
     20 STA020       190.0000      0.0000      0.0000  1   45.00  99.000
     21 STA021       200.0000      0.0000      0.0000  1   35.00  99.000
     22 STA022       210.0000      0.0000      0.0000  1   25.00  99.000
     23 STA023       220.0000      0.0000      0.0000  1   15.00  99.000
     24 STA024       230.0000      0.0000      0.0000  1    5.00  99.000
     25 STA025       240.0000      0.0000      0.0000  1    5.00  99.000
